Rk,Player,Pos,Age,Tm,G,GS,MP,FG,FGA,FG%,3P,3PA,3P%,2P,2PA,2P%,FT,FTA,FT%,ORB,DRB,TRB,AST,STL,BLK,TOV,PF,PTS
1,Álex Abrines\abrinal01,SG,25,OKC,31,2,588,3.4,9.6,.357,2.5,7.8,.323,0.9,1.8,.500,0.7,0.8,.923,0.3,2.6,2.9,1.2,1.0,0.4,0.9,3.2,10.1
2,Quincy Acy\acyqu01,PF,28,PHO,10,0,123,1.2,5.3,.222,0.6,4.4,.133,0.6,0.9,.667,2.0,2.9,.700,0.9,6.4,7.3,2.3,0.3,1.2,1.2,7.0,5.0
3,Jaylen Adams\adamsja01,PG,22,ATL,34,1,428,3.2,9.3,.345,2.1,6.2,.338,1.1,3.0,.361,0.6,0.8,.778,0.9,4.1,5.0,5.5,1.2,0.4,2.4,3.8,9.1
4,Steven Adams\adamsst01,C,25,OKC,80,80,2669,6.5,10.9,.595,0.0,0.0,.000,6.5,10.9,.596,2.0,3.9,.500,5.3,5.0,10.3,1.7,1.6,1.0,1.8,2.8,14.9
5,Bam Adebayo\adebaba01,C,21,MIA,82,28,1913,5.3,9.1,.576,0.1,0.3,.200,5.2,8.9,.588,3.1,4.3,.735,3.1,8.1,11.2,3.5,1.3,1.2,2.3,3.8,13.7
6,Deng Adel\adelde01,SF,21,CLE,19,3,194,2.0,6.7,.306,1.1,4.3,.261,0.9,2.4,.385,0.7,0.7,1.000,0.6,3.0,3.5,0.9,0.2,0.7,1.1,2.4,5.9
7,DeVaughn Akoon-Purcell\akoonde01,SG,25,DEN,7,0,22,4.9,16.4,.300,0.0,6.5,.000,4.9,9.8,.500,1.6,3.3,.500,1.6,4.9,6.5,9.8,3.3,0.0,3.3,6.5,11.5
8,LaMarcus Aldridge\aldrila01,C,33,SAS,81,81,2687,9.2,17.7,.519,0.1,0.6,.238,9.0,17.1,.528,4.7,5.5,.847,3.4,6.6,10.0,2.6,0.6,1.4,1.9,2.4,23.1
9,Rawle Alkins\alkinra01,SG,21,CHI,10,1,120,3.9,11.7,.333,0.9,3.6,.250,3.0,8.1,.370,2.4,3.6,.667,3.3,4.5,7.8,3.9,0.3,0.0,2.4,2.1,11.1
10,Grayson Allen\allengr01,SG,23,UTA,38,2,416,5.8,15.4,.376,2.8,8.6,.323,3.0,6.8,.443,3.9,5.2,.750,0.3,1.7,2.0,2.2,0.5,0.5,2.9,4.1,18.3
11,Jarrett Allen\allenja01,C,20,BRK,80,80,2096,5.8,9.8,.590,0.1,0.8,.133,5.7,9.0,.629,3.4,4.8,.709,3.3,8.3,11.5,1.9,0.7,2.1,1.8,3.2,15.0
12,Kadeem Allen\allenka01,PG,26,NYK,19,1,416,5.6,12.2,.461,1.5,3.1,.472,4.2,9.1,.457,3.6,4.7,.778,0.7,3.7,4.4,6.6,1.4,0.3,2.3,4.0,16.4
13,Al-Farouq Aminu\aminual01,PF,28,POR,81,81,2292,4.0,9.3,.433,1.5,4.4,.343,2.5,4.9,.514,2.4,2.7,.867,1.8,7.8,9.6,1.6,1.1,0.5,1.1,2.2,11.9
14,Justin Anderson\anderju01,SF,25,ATL,48,4,463,5.0,12.2,.408,1.9,6.0,.312,3.1,6.2,.500,2.0,2.7,.743,1.9,4.7,6.5,1.8,1.7,1.0,1.8,3.7,13.8
15,Kyle Anderson\anderky01,SF,25,MEM,43,40,1281,4.2,7.8,.543,0.3,1.0,.265,4.0,6.8,.583,1.0,1.8,.578,1.3,5.7,7.1,3.6,1.5,1.0,1.6,3.1,9.7
16,Ryan Anderson\anderry01,PF,30,TOT,25,8,322,2.3,7.7,.304,1.0,4.5,.225,1.3,3.2,.414,1.3,1.8,.750,2.0,4.0,6.0,2.1,0.4,0.1,1.6,2.8,7.0
17,Ryan Anderson\anderry01,PF,30,PHO,15,8,278,2.5,7.8,.317,0.9,4.4,.206,1.6,3.4,.462,1.4,1.8,.786,1.8,4.0,5.8,2.2,0.4,0.1,1.6,3.0,7.3
18,Ryan Anderson\anderry01,PF,30,MIA,10,0,44,1.6,7.4,.222,1.6,4.9,.333,0.0,2.5,.000,0.8,1.6,.500,3.3,4.1,7.4,1.6,0.8,0.0,1.6,1.6,5.7
19,Ike Anigbogu\anigbik01,C,20,IND,3,0,6,0.0,18.0,.000,0.0,0.0,,0.0,18.0,.000,0.0,0.0,,6.0,12.0,18.0,6.0,0.0,6.0,6.0,0.0,0.0
20,Giannis Antetokounmpo\antetgi01,PF,24,MIL,72,72,2358,11.0,19.0,.578,0.8,3.1,.256,10.2,15.9,.641,7.6,10.5,.729,2.4,11.3,13.7,6.5,1.4,1.7,4.1,3.5,30.4
21,Kostas Antetokounmpo\antetko01,PF,21,DAL,2,0,11,0.0,9.8,.000,0.0,0.0,,0.0,9.8,.000,6.5,13.1,.500,0.0,3.3,3.3,0.0,6.5,0.0,3.3,0.0,6.5
22,Carmelo Anthony\anthoca01,PF,34,HOU,10,2,294,6.0,14.8,.405,2.6,7.8,.328,3.4,7.0,.491,1.8,2.7,.682,1.1,5.5,6.6,0.6,0.5,0.9,1.0,3.9,16.4
23,OG Anunoby\anunoog01,SF,21,TOR,67,6,1352,4.9,10.8,.453,1.8,5.4,.332,3.1,5.4,.574,1.0,1.7,.581,1.5,3.7,5.2,1.3,1.2,0.6,1.5,3.7,12.5
24,Ryan Arcidiacono\arcidry01,PG,24,CHI,81,32,1961,3.4,7.7,.447,1.5,4.0,.373,1.9,3.7,.527,1.6,1.9,.873,0.5,3.5,4.0,4.9,1.2,0.1,1.2,3.1,10.0
25,Trevor Ariza\arizatr01,SF,33,TOT,69,69,2349,4.5,11.3,.399,2.2,6.7,.334,2.3,4.6,.493,2.0,2.5,.793,0.8,4.9,5.7,3.9,1.4,0.3,1.6,2.0,13.2
26,Trevor Ariza\arizatr01,SF,33,PHO,26,26,884,3.5,9.2,.379,2.0,5.7,.360,1.5,3.6,.409,1.5,1.8,.837,0.7,5.3,5.9,3.5,1.5,0.3,1.6,1.8,10.5
27,Trevor Ariza\arizatr01,SF,33,WAS,43,43,1465,5.1,12.5,.409,2.3,7.2,.322,2.8,5.3,.528,2.3,3.0,.777,0.8,4.7,5.6,4.1,1.3,0.3,1.6,2.1,14.9
28,D.J. Augustin\augusdj01,PG,31,ORL,81,81,2269,5.0,10.7,.470,2.1,4.9,.421,3.0,5.8,.511,2.9,3.3,.866,0.7,2.6,3.2,6.8,0.8,0.1,2.0,1.8,15.0
29,Deandre Ayton\aytonde01,C,20,PHO,71,70,2183,8.4,14.3,.585,0.0,0.1,.000,8.4,14.3,.588,2.3,3.1,.746,3.7,8.3,12.0,2.1,1.0,1.1,2.1,3.4,19.1
30,Dwayne Bacon\bacondw01,SG,23,CHO,43,13,759,5.8,12.2,.475,1.8,4.1,.437,4.0,8.1,.494,1.6,2.2,.739,0.4,3.8,4.2,2.2,0.6,0.2,0.9,3.4,15.0
31,Marvin Bagley III\baglema01,PF,19,SAC,62,4,1567,8.2,16.2,.504,0.7,2.2,.313,7.5,14.0,.534,4.2,6.0,.691,3.7,7.1,10.8,1.4,0.8,1.4,2.3,2.8,21.2
32,Ron Baker\bakerro01,SG,25,TOT,15,0,152,0.9,4.7,.200,0.2,3.1,.077,0.7,1.7,.429,1.2,1.4,.833,0.2,2.4,2.6,3.6,1.4,0.2,1.2,4.3,3.3
33,Ron Baker\bakerro01,SG,25,NYK,11,0,107,1.3,5.4,.250,0.3,3.0,.111,1.0,2.4,.429,1.7,2.0,.833,0.3,2.0,2.4,4.4,1.7,0.0,1.0,5.4,4.7
34,Ron Baker\bakerro01,SG,25,WAS,4,0,45,0.0,3.2,.000,0.0,3.2,.000,0.0,0.0,,0.0,0.0,,0.0,3.2,3.2,1.6,0.8,0.8,1.6,1.6,0.0
35,Wade Baldwin\baldwwa01,PG,22,POR,16,0,94,3.8,12.6,.303,0.8,3.4,.222,3.1,9.2,.333,3.1,4.2,.727,0.8,5.0,5.7,4.6,0.4,0.8,5.4,4.2,11.5
36,Lonzo Ball\balllo01,PG,21,LAL,47,45,1423,4.7,11.5,.406,1.9,5.8,.329,2.8,5.8,.482,0.5,1.2,.417,1.4,5.0,6.3,6.5,1.7,0.5,2.6,2.9,11.8
37,Mo Bamba\bambamo01,C,20,ORL,47,1,766,5.5,11.4,.481,1.0,3.3,.300,4.5,8.1,.555,1.7,3.0,.587,3.0,7.9,11.0,1.8,0.6,3.0,2.0,4.8,13.7
38,J.J. Barea\bareajo01,PG,34,DAL,38,0,752,7.7,18.4,.418,1.8,6.1,.297,5.9,12.3,.479,2.6,3.7,.705,0.6,3.9,4.5,10.1,1.1,0.0,3.4,2.4,19.9
39,Harrison Barnes\barneha02,PF-SF,26,TOT,77,77,2533,6.1,14.6,.420,2.5,6.3,.395,3.7,8.3,.439,3.3,4.0,.824,0.8,4.3,5.1,1.6,0.7,0.2,1.4,1.7,18.0
40,Harrison Barnes\barneha02,PF,26,DAL,49,49,1584,6.6,16.3,.404,2.7,7.1,.389,3.8,9.2,.416,3.7,4.5,.833,0.8,3.9,4.7,1.4,0.7,0.2,1.5,1.8,19.7
41,Harrison Barnes\barneha02,SF,26,SAC,28,28,949,5.3,11.8,.455,2.0,4.9,.408,3.3,6.8,.489,2.4,3.0,.800,0.8,5.0,5.8,2.0,0.6,0.1,1.1,1.6,15.1
42,Will Barton\bartowi01,SF,28,DEN,43,38,1189,5.6,13.9,.402,2.0,5.9,.342,3.6,8.0,.447,1.7,2.2,.770,1.0,5.1,6.0,3.8,0.5,0.7,2.0,2.5,15.0
43,Keita Bates-Diop\bateske01,SF,23,MIN,30,3,503,4.3,10.2,.423,0.9,3.7,.250,3.4,6.4,.522,1.3,2.0,.643,1.1,4.8,5.9,1.2,1.3,1.0,1.0,2.1,10.8
44,Nicolas Batum\batumni01,SF,30,CHO,75,72,2354,3.9,8.6,.450,1.8,4.6,.389,2.1,4.0,.519,1.2,1.4,.865,1.1,4.9,6.0,3.8,1.1,0.7,1.8,2.1,10.7
45,Jerryd Bayless\bayleje01,PG,30,MIN,34,6,657,4.5,12.6,.357,1.6,5.4,.296,2.9,7.2,.402,0.9,1.5,.571,0.6,2.8,3.4,6.5,1.0,0.1,1.8,3.1,11.5
46,Aron Baynes\baynear01,C,32,BOS,51,18,821,4.6,9.8,.471,0.9,2.7,.344,3.7,7.1,.519,2.3,2.7,.855,3.9,6.7,10.5,2.5,0.5,1.5,1.8,5.5,12.5
47,Kent Bazemore\bazemke01,SG,29,ATL,67,35,1643,6.1,15.1,.402,2.1,6.6,.320,4.0,8.6,.465,2.8,3.8,.726,0.8,4.9,5.7,3.3,2.0,0.9,2.7,3.7,17.1
48,Bradley Beal\bealbr01,SG,25,WAS,82,82,3028,9.1,19.1,.475,2.5,7.1,.351,6.6,12.0,.548,4.3,5.3,.808,1.1,3.8,4.9,5.3,1.4,0.7,2.7,2.7,25.0
49,Malik Beasley\beaslma01,SG,22,DEN,81,18,1879,6.7,14.1,.474,3.1,7.8,.402,3.6,6.4,.560,1.1,1.3,.848,0.7,3.2,3.8,1.9,1.1,0.2,1.1,2.2,17.6
50,Michael Beasley\beaslmi01,PF,30,LAL,26,2,277,9.7,19.9,.490,0.4,2.2,.176,9.4,17.7,.529,3.6,5.1,.718,1.7,6.1,7.8,3.2,1.2,1.3,3.5,5.5,23.5
51,Marco Belinelli\belinma01,SG,32,SAS,79,1,1815,5.7,13.7,.413,2.9,7.8,.372,2.7,5.9,.468,2.2,2.5,.903,0.3,3.6,3.9,2.6,0.7,0.2,1.4,2.4,16.4
52,Jordan Bell\belljo01,C,24,GSW,68,3,788,4.5,8.8,.516,0.0,0.1,.000,4.5,8.7,.521,1.1,1.9,.610,2.5,5.9,8.4,3.5,0.9,2.3,1.9,3.7,10.2
53,DeAndre' Bembry\bembrde01,SG,24,ATL,82,15,1931,5.1,11.5,.446,0.9,3.2,.289,4.2,8.3,.508,1.6,2.5,.640,1.0,5.7,6.7,3.8,2.0,0.8,2.6,3.5,12.8
54,Dragan Bender\bendedr01,PF,21,PHO,46,27,826,3.8,8.6,.447,1.0,4.4,.218,2.9,4.2,.688,1.4,2.4,.593,1.5,6.5,8.0,2.4,0.8,1.0,1.6,3.9,10.0
55,Dairis Bertāns\bertada02,SG,29,NOP,12,0,167,2.6,10.1,.255,2.2,7.3,.294,0.4,2.8,.154,0.0,0.0,,0.4,1.5,1.9,2.2,0.2,0.0,0.4,1.5,7.3
56,Dāvis Bertāns\bertada01,PF,26,SAS,76,12,1632,4.5,10.0,.450,3.2,7.5,.429,1.3,2.5,.513,1.2,1.3,.883,0.5,5.3,5.8,2.2,0.8,0.7,0.9,2.9,13.4
57,Patrick Beverley\beverpa01,PG,30,LAC,78,49,2137,3.3,8.0,.407,1.9,4.8,.397,1.4,3.3,.421,1.6,2.1,.780,1.3,5.3,6.5,5.1,1.1,0.7,1.4,4.5,10.0
58,Khem Birch\birchkh01,C,26,ORL,50,1,643,5.1,8.5,.603,0.0,0.1,.000,5.1,8.4,.607,3.2,4.6,.699,4.4,6.2,10.6,2.1,1.0,1.6,1.1,4.0,13.4
59,Bismack Biyombo\biyombi01,C,26,CHO,54,32,783,4.1,7.2,.571,0.0,0.0,,4.1,7.2,.571,2.7,4.2,.637,3.7,7.6,11.4,1.5,0.5,1.9,1.6,4.7,10.9
60,Nemanja Bjelica\bjeline01,PF,30,SAC,77,70,1788,5.7,11.9,.479,2.1,5.2,.401,3.6,6.8,.539,1.4,1.9,.761,2.5,6.4,8.9,3.0,1.1,1.1,1.7,4.0,14.9
61,Antonio Blakeney\blakean01,SG,22,CHI,57,3,829,7.2,17.2,.419,1.6,4.0,.396,5.6,13.2,.426,2.2,3.3,.658,0.3,4.3,4.6,1.8,0.5,0.4,1.5,1.8,18.2
62,Eric Bledsoe\bledser01,PG,29,MIL,78,78,2272,7.4,15.4,.484,2.0,6.0,.329,5.5,9.4,.582,2.8,3.7,.750,1.3,4.4,5.7,6.8,1.8,0.5,2.6,2.5,19.7
63,Jaron Blossomgame\blossja01,SF,25,CLE,27,4,439,3.9,8.7,.443,0.8,3.2,.256,3.0,5.5,.552,0.8,1.1,.769,2.1,5.9,8.0,1.1,0.6,0.7,0.9,1.6,9.3
64,Bogdan Bogdanović\bogdabo01,SG,26,SAC,70,17,1947,6.7,16.0,.418,2.5,6.9,.360,4.2,9.1,.462,2.5,3.0,.827,0.7,3.8,4.5,4.9,1.3,0.3,2.2,2.6,18.3
65,Bojan Bogdanović\bogdabo02,SF,29,IND,81,81,2573,7.3,14.7,.497,2.3,5.4,.425,5.0,9.3,.538,3.4,4.3,.807,0.5,4.2,4.7,2.3,1.0,0.0,1.9,1.9,20.3
66,Andrew Bogut\bogutan01,C,34,GSW,11,5,134,4.8,9.7,.500,0.0,0.0,,4.8,9.7,.500,0.8,0.8,1.000,3.2,11.6,14.8,3.0,0.8,2.1,2.1,5.9,10.5
67,Jonah Bolden\boldejo01,PF,23,PHI,44,10,639,4.5,9.1,.494,1.9,5.4,.354,2.6,3.7,.697,0.7,1.5,.481,2.6,6.6,9.3,2.3,1.0,2.2,2.0,5.6,11.7
68,Isaac Bonga\bongais01,PG,19,LAL,22,0,120,1.5,9.9,.152,0.0,2.4,.000,1.5,7.5,.200,2.7,4.5,.600,2.7,4.8,7.5,4.5,2.7,1.2,1.8,2.7,5.7
69,Devin Booker\bookede01,SG,22,PHO,64,64,2242,9.4,20.2,.467,2.2,6.6,.326,7.2,13.5,.536,6.3,7.3,.866,0.6,3.6,4.3,7.0,0.9,0.2,4.2,3.2,27.3
70,Chris Boucher\bouchch01,PF,26,TOR,28,0,163,7.5,16.8,.447,2.7,8.2,.324,4.9,8.6,.564,2.9,3.3,.867,3.5,8.8,12.4,0.4,1.3,5.3,1.5,6.8,20.5
71,Avery Bradley\bradlav01,SG,28,TOT,63,63,1905,4.7,11.5,.408,1.6,4.6,.351,3.1,6.9,.446,0.8,0.9,.860,0.8,2.5,3.3,2.9,0.8,0.3,1.7,3.2,11.8
72,Avery Bradley\bradlav01,SG,28,LAC,49,49,1463,4.0,10.3,.383,1.4,4.2,.337,2.5,6.1,.415,0.5,0.6,.800,0.9,2.4,3.2,2.4,0.7,0.4,1.5,3.3,9.8
73,Avery Bradley\bradlav01,SG,28,MEM,14,14,442,7.1,15.3,.463,2.3,5.9,.384,4.8,9.4,.513,1.9,2.0,.920,0.7,2.9,3.6,4.6,1.1,0.0,2.3,2.8,18.3
74,Tony Bradley\bradlto01,C,21,UTA,3,0,36,8.0,16.0,.500,0.0,0.0,,8.0,16.0,.500,1.0,2.0,.500,9.0,6.0,15.0,1.0,2.0,2.0,3.0,6.0,17.0
75,Corey Brewer\breweco01,SF,32,TOT,31,3,492,3.9,9.0,.431,1.0,3.2,.318,2.9,5.8,.494,2.3,3.1,.721,1.9,3.7,5.6,2.9,2.3,0.5,1.4,4.6,11.0
76,Corey Brewer\breweco01,SF,32,PHI,7,3,140,5.1,12.6,.408,1.0,3.6,.286,4.1,9.0,.457,2.3,3.3,.692,1.0,3.3,4.4,2.6,3.1,0.5,2.1,4.1,13.6
77,Corey Brewer\breweco01,SF,32,SAC,24,0,352,3.4,7.6,.446,1.0,3.1,.333,2.4,4.5,.523,2.3,3.1,.733,2.3,3.8,6.0,3.0,2.0,0.5,1.1,4.8,10.0
78,Mikal Bridges\bridgmi01,SF,22,PHO,82,56,2417,3.6,8.4,.430,1.6,4.7,.335,2.0,3.7,.548,1.4,1.8,.805,0.8,3.1,3.9,2.6,1.9,0.6,1.0,3.0,10.2
79,Miles Bridges\bridgmi02,SF,20,CHO,80,25,1696,5.0,10.8,.464,1.4,4.2,.325,3.7,6.6,.553,1.2,1.6,.753,1.4,5.4,6.9,2.0,1.2,1.0,1.1,2.4,12.7
80,Isaiah Briscoe\briscis01,PG,22,ORL,39,0,559,3.5,8.9,.399,0.7,2.2,.324,2.8,6.7,.423,1.0,1.7,.577,0.3,4.4,4.8,5.6,0.7,0.1,2.0,4.3,8.8
81,Ryan Broekhoff\broekry01,SG,28,DAL,42,0,453,4.5,10.0,.452,3.0,7.4,.409,1.5,2.6,.576,1.2,1.5,.789,0.6,4.4,5.0,1.7,0.5,0.3,1.3,2.8,13.3
82,Malcolm Brogdon\brogdma01,SG,26,MIL,64,64,1832,7.4,14.7,.505,2.0,4.8,.426,5.4,9.9,.544,2.8,3.0,.928,1.3,4.4,5.7,4.0,0.9,0.3,1.8,2.0,19.7
83,Dillon Brooks\brookdi01,SF,23,MEM,18,0,330,5.3,13.3,.402,1.6,4.4,.375,3.7,8.9,.415,2.4,3.3,.733,1.0,2.4,3.4,1.7,1.1,0.4,2.1,5.5,14.7
84,MarShon Brooks\brookma01,SG,30,MEM,29,0,387,7.1,15.7,.450,1.4,5.0,.278,5.7,10.7,.530,2.1,3.1,.697,1.1,3.1,4.2,2.3,0.8,0.4,2.0,3.1,17.7
85,Bruce Brown\brownbr01,SG,22,DET,74,56,1449,3.1,7.8,.398,0.6,2.3,.258,2.5,5.5,.457,1.1,1.5,.750,1.2,3.4,4.6,2.3,1.0,0.9,1.1,4.4,7.9
86,Jaylen Brown\brownja02,SG,22,BOS,74,25,1913,6.9,14.9,.465,1.8,5.2,.344,5.1,9.7,.529,2.5,3.8,.658,1.2,4.7,5.9,1.9,1.3,0.6,1.9,3.5,18.1
87,Lorenzo Brown\brownlo01,PG,28,TOR,26,0,212,3.9,12.1,.324,1.0,4.8,.214,2.9,7.3,.395,0.5,0.5,1.000,0.8,4.4,5.3,4.8,2.0,0.8,2.7,3.7,9.3
88,Sterling Brown\brownst02,SG,23,MIL,58,7,1034,5.0,10.9,.465,1.8,5.1,.361,3.2,5.7,.558,1.0,1.5,.690,1.0,5.4,6.4,2.9,0.9,0.3,1.6,3.1,13.0
89,Troy Brown Jr.\browntr01,SF,19,WAS,52,10,730,4.8,11.5,.415,1.1,3.4,.319,3.7,8.1,.455,1.6,2.3,.681,1.7,5.4,7.2,3.9,1.0,0.2,1.5,2.8,12.2
90,Jalen Brunson\brunsja01,PG,22,DAL,73,38,1591,6.0,12.8,.467,1.4,4.1,.348,4.5,8.7,.523,2.0,2.7,.725,0.6,3.3,3.8,5.2,0.8,0.1,2.0,2.9,15.3
91,Thomas Bryant\bryanth01,C,21,WAS,72,53,1496,7.4,12.1,.616,0.8,2.4,.333,6.6,9.7,.685,2.6,3.3,.781,2.7,8.2,10.9,2.2,0.6,1.6,1.4,3.0,18.2
92,Reggie Bullock\bullore01,SG,27,TOT,63,60,1879,4.7,11.4,.412,2.8,7.5,.377,1.9,3.9,.483,1.4,1.6,.859,0.4,2.9,3.3,2.5,0.8,0.2,1.2,2.1,13.6
93,Reggie Bullock\bullore01,SG,27,DET,44,44,1355,4.8,11.7,.413,3.0,7.8,.388,1.8,3.9,.463,1.5,1.7,.875,0.5,2.7,3.3,2.9,0.6,0.1,1.4,2.1,14.2
94,Reggie Bullock\bullore01,SG,27,LAL,19,16,524,4.3,10.5,.412,2.3,6.8,.343,2.0,3.7,.537,1.2,1.4,.810,0.1,3.3,3.4,1.4,1.1,0.5,0.8,2.1,12.2
95,Trey Burke\burketr01,PG,26,TOT,58,8,1125,7.6,17.5,.431,1.8,5.1,.352,5.8,12.4,.463,3.3,4.0,.831,0.9,2.3,3.2,5.1,1.1,0.2,1.6,1.9,20.2
96,Trey Burke\burketr01,PG,26,NYK,33,7,689,7.7,18.7,.413,1.6,4.5,.349,6.2,14.2,.434,3.2,3.9,.827,0.8,2.5,3.2,4.9,1.1,0.3,1.5,1.7,20.3
97,Trey Burke\burketr01,PG,26,DAL,25,1,436,7.3,15.7,.463,2.1,6.0,.356,5.1,9.7,.530,3.4,4.0,.837,1.1,2.0,3.1,5.4,1.0,0.2,1.7,2.1,20.1
98,Alec Burks\burksal01,SG,27,TOT,64,24,1375,5.0,12.4,.405,1.6,4.4,.363,3.4,8.0,.428,3.0,3.7,.823,0.8,5.4,6.2,3.4,1.0,0.5,1.7,2.4,14.7
99,Alec Burks\burksal01,SG,27,UTA,17,0,269,6.3,15.3,.412,2.1,5.8,.372,4.1,9.5,.437,4.4,5.1,.868,0.3,3.3,3.6,2.7,0.8,0.5,2.0,2.9,19.1
100,Alec Burks\burksal01,SG,27,CLE,34,24,979,5.0,12.5,.400,1.7,4.4,.378,3.3,8.1,.412,2.9,3.6,.806,1.0,5.9,6.8,3.6,0.9,0.6,1.7,2.3,14.6
101,Alec Burks\burksal01,SG,27,SAC,13,0,127,2.6,5.7,.450,0.0,1.7,.000,2.6,4.0,.643,1.1,1.4,.800,0.6,5.7,6.2,2.8,2.3,0.3,1.1,2.0,6.2
102,Deonte Burton\burtode02,SG,25,OKC,32,0,240,5.0,12.3,.402,1.2,4.1,.296,3.7,8.2,.455,1.2,1.8,.667,0.6,3.6,4.2,1.4,0.9,1.2,1.4,4.6,12.3
103,Jimmy Butler\butleji01,SF-SG,29,TOT,65,65,2185,6.9,14.9,.462,1.1,3.2,.347,5.8,11.7,.494,5.1,6.0,.855,2.0,3.6,5.6,4.3,2.0,0.6,1.6,1.8,20.0
104,Jimmy Butler\butleji01,SG,29,MIN,10,10,361,7.4,15.7,.471,1.7,4.5,.378,5.7,11.2,.509,4.8,6.1,.787,1.6,3.6,5.2,4.3,2.4,1.0,1.4,1.8,21.2
105,Jimmy Butler\butleji01,SF,29,PHI,55,55,1824,6.8,14.7,.461,1.0,2.9,.338,5.8,11.8,.491,5.2,6.0,.868,2.1,3.7,5.7,4.3,2.0,0.6,1.6,1.8,19.8
106,Bruno Caboclo\cabocbr01,PF,23,MEM,34,19,800,4.3,10.1,.427,2.2,5.9,.369,2.2,4.3,.505,1.9,2.3,.840,1.9,5.2,7.1,2.3,0.6,1.5,1.7,3.6,12.7
107,José Calderón\caldejo01,PG,37,DET,49,0,632,2.6,6.8,.375,0.8,3.2,.246,1.8,3.6,.492,0.5,0.6,.818,0.6,2.8,3.4,6.6,0.9,0.2,2.0,3.6,6.4
108,Kentavious Caldwell-Pope\caldwke01,SG,25,LAL,82,23,2035,5.7,13.4,.430,2.7,7.7,.347,3.1,5.7,.542,2.4,2.8,.867,0.8,3.4,4.2,1.9,1.3,0.2,1.1,2.4,16.6
109,Isaiah Canaan\canaais01,PG,27,TOT,30,16,629,3.7,9.4,.390,1.9,5.5,.354,1.7,3.9,.441,1.1,1.4,.792,0.3,3.0,3.3,4.8,0.8,0.1,2.0,3.0,10.4
110,Isaiah Canaan\canaais01,PG,27,PHO,19,15,503,3.7,9.2,.395,1.8,5.2,.347,1.9,4.1,.456,1.1,1.4,.750,0.4,3.1,3.5,4.4,0.9,0.0,2.1,3.3,10.2
111,Isaiah Canaan\canaais01,PG,27,MIN,7,1,95,4.2,11.0,.379,2.7,7.2,.368,1.5,3.8,.400,1.5,1.5,1.000,0.0,1.9,1.9,7.2,0.8,0.4,1.5,1.5,12.5
112,Isaiah Canaan\canaais01,PG,27,MIL,4,0,31,2.3,7.0,.333,2.3,5.8,.400,0.0,1.2,.000,0.0,0.0,,1.2,3.5,4.6,3.5,0.0,1.2,2.3,2.3,7.0
113,Clint Capela\capelca01,C,24,HOU,67,67,2249,7.6,11.7,.648,0.0,0.0,,7.6,11.7,.648,2.7,4.2,.636,4.8,8.8,13.6,1.5,0.7,1.6,1.5,2.7,17.8
114,DeMarre Carroll\carrode01,PF,32,BRK,67,8,1703,4.8,12.2,.395,2.2,6.6,.342,2.6,5.6,.457,3.9,5.1,.760,1.4,5.9,7.4,1.8,0.7,0.2,1.5,2.4,15.7
115,Jevon Carter\carteje01,PG,23,MEM,39,3,577,3.5,11.5,.303,2.1,6.4,.333,1.4,5.2,.265,1.6,2.0,.813,0.9,3.2,4.1,4.3,1.6,0.7,2.1,3.4,10.7
116,Vince Carter\cartevi01,PF,42,ATL,76,9,1330,5.3,12.7,.419,3.3,8.6,.389,2.0,4.1,.480,1.3,1.8,.712,0.8,4.4,5.3,2.4,1.2,0.7,1.3,3.8,15.2
117,Wendell Carter Jr.\cartewe01,C,19,CHI,44,44,1110,5.8,12.0,.485,0.2,1.0,.188,5.6,11.0,.513,2.9,3.6,.795,2.8,7.1,10.0,2.5,0.8,1.9,2.1,4.9,14.8
118,Michael Carter-Williams\cartemi01,PG,27,TOT,28,1,372,4.5,11.9,.374,1.0,3.7,.263,3.5,8.2,.424,3.1,5.1,.604,1.8,4.9,6.8,6.8,1.9,1.5,1.9,4.6,13.0
119,Michael Carter-Williams\cartemi01,PG,27,HOU,16,1,145,6.2,15.1,.410,1.7,4.7,.368,4.5,10.4,.429,3.0,6.5,.462,0.7,2.5,3.2,5.2,2.2,1.5,2.5,6.7,17.1
120,Michael Carter-Williams\cartemi01,PG,27,ORL,12,0,227,3.3,9.8,.339,0.5,3.0,.158,2.9,6.8,.419,3.2,4.3,.741,2.5,6.5,9.0,7.8,1.7,1.4,1.6,3.3,10.3
121,Alex Caruso\carusal01,PG,24,LAL,25,4,531,5.2,11.7,.445,1.6,3.4,.480,3.6,8.3,.431,3.5,4.3,.797,1.4,3.2,4.5,5.2,1.6,0.6,2.8,3.7,15.5
122,Omri Casspi\casspom01,SF,30,MEM,36,0,520,6.0,11.1,.534,1.0,3.0,.349,4.9,8.2,.602,2.7,4.0,.672,1.2,6.8,8.0,1.8,1.4,0.6,1.6,2.4,15.6
123,Willie Cauley-Stein\caulewi01,C,25,SAC,81,81,2213,6.7,12.1,.556,0.0,0.0,.500,6.7,12.0,.556,2.3,4.1,.551,2.9,8.1,11.0,3.2,1.6,0.8,1.4,3.7,15.7
124,Troy Caupain\caupatr01,PG,23,ORL,4,0,16,9.0,18.0,.500,4.5,6.8,.667,4.5,11.3,.400,0.0,0.0,,2.3,4.5,6.8,9.0,2.3,0.0,0.0,0.0,22.5
125,Tyler Cavanaugh\cavanty01,PF,24,UTA,11,0,39,2.8,9.2,.300,0.9,4.6,.200,1.8,4.6,.400,1.8,1.8,1.000,2.8,4.6,7.4,0.9,0.0,0.0,0.9,2.8,8.3
126,Tyson Chandler\chandty01,C,36,TOT,55,6,875,2.5,4.1,.616,0.0,0.0,.000,2.5,4.0,.622,2.1,3.6,.586,3.8,8.8,12.6,1.5,0.9,0.9,1.7,4.5,7.1
127,Tyson Chandler\chandty01,C,36,PHO,7,0,89,3.2,4.9,.667,0.0,0.0,,3.2,4.9,.667,4.0,7.3,.556,2.8,12.9,15.8,2.4,0.8,0.4,2.8,8.5,10.5
128,Tyson Chandler\chandty01,C,36,LAL,48,6,786,2.4,4.0,.609,0.0,0.0,.000,2.4,3.9,.616,1.9,3.2,.594,3.9,8.4,12.3,1.4,0.9,1.0,1.6,4.1,6.7
129,Wilson Chandler\chandwi01,PF-SF,31,TOT,51,33,1177,3.5,8.4,.418,1.8,4.8,.373,1.7,3.5,.478,0.6,0.8,.720,1.5,5.1,6.6,2.5,0.8,0.6,1.4,3.8,9.3
130,Wilson Chandler\chandwi01,PF,31,PHI,36,32,951,3.4,7.8,.440,1.7,4.5,.390,1.7,3.4,.506,0.5,0.7,.722,1.7,4.7,6.4,2.7,0.8,0.7,1.5,3.6,9.1
131,Wilson Chandler\chandwi01,SF,31,LAC,15,1,226,3.7,10.5,.348,2.1,6.4,.325,1.6,4.1,.385,0.8,1.1,.714,0.6,6.8,7.5,1.6,0.5,0.5,1.1,4.6,10.2
132,Joe Chealey\chealjo01,PG,23,CHO,1,0,8,4.5,13.5,.333,0.0,0.0,,4.5,13.5,.333,0.0,0.0,,0.0,0.0,0.0,4.5,0.0,0.0,0.0,4.5,9.0
133,Chris Chiozza\chiozch01,PG,23,HOU,7,0,33,2.2,8.7,.250,2.2,5.5,.400,0.0,3.3,.000,0.0,0.0,,1.1,3.3,4.4,4.4,1.1,1.1,1.1,2.2,6.5
134,Marquese Chriss\chrisma01,PF,21,TOT,43,2,499,4.8,13.0,.372,1.2,5.2,.222,3.7,7.8,.472,2.3,3.2,.711,2.9,7.4,10.2,1.6,1.2,0.8,2.6,5.8,13.1
135,Marquese Chriss\chrisma01,PF,21,HOU,16,0,104,3.8,11.8,.324,0.3,5.2,.067,3.5,6.6,.526,2.1,2.4,.857,2.4,7.3,9.7,2.1,0.7,1.4,4.2,5.9,10.0
136,Marquese Chriss\chrisma01,PF,21,CLE,27,2,395,5.1,13.3,.384,1.4,5.2,.263,3.7,8.1,.461,2.4,3.5,.684,3.0,7.4,10.4,1.5,1.4,0.6,2.2,5.8,13.9
137,Gary Clark\clarkga01,PF,24,HOU,51,2,641,2.8,8.5,.331,2.3,7.8,.297,0.5,0.7,.692,0.4,0.4,1.000,1.3,5.2,6.5,1.0,1.1,1.5,0.4,2.6,8.3
138,Ian Clark\clarkia01,SG,27,NOP,60,6,973,5.6,14.2,.394,2.4,7.5,.327,3.1,6.7,.470,1.2,1.4,.892,0.5,2.8,3.3,3.5,0.8,0.3,2.1,3.5,14.8
139,Jordan Clarkson\clarkjo01,SG,26,CLE,81,0,2214,8.6,19.2,.448,2.3,7.2,.324,6.3,12.0,.524,2.6,3.1,.844,1.3,3.1,4.4,3.2,0.9,0.2,2.2,1.8,22.2
140,John Collins\collijo01,PF,21,ATL,61,59,1829,9.2,16.4,.560,1.1,3.1,.348,8.1,13.2,.609,4.0,5.2,.763,4.3,7.4,11.7,2.4,0.4,0.8,2.4,3.9,23.4
141,Zach Collins\colliza01,C,21,POR,77,0,1356,5.0,10.6,.473,1.1,3.2,.331,4.0,7.4,.534,2.5,3.3,.746,2.9,5.7,8.6,1.9,0.7,1.8,2.0,4.6,13.6
142,Darren Collison\collida01,PG,31,IND,76,76,2143,5.2,11.1,.467,1.3,3.3,.407,3.8,7.8,.492,2.7,3.2,.832,0.6,3.3,3.9,7.7,1.8,0.2,2.1,2.3,14.3
143,Bonzie Colson\colsobo01,SF,23,MIL,8,2,98,4.8,14.3,.333,1.8,7.7,.238,2.9,6.6,.444,2.9,3.3,.889,2.9,8.1,11.0,1.1,1.8,0.4,1.1,1.1,14.3
144,Mike Conley\conlemi01,PG,31,MEM,70,70,2342,7.5,17.2,.438,2.4,6.5,.364,5.1,10.7,.483,5.3,6.2,.845,0.6,3.1,3.7,6.9,1.4,0.3,2.0,1.9,22.7
145,Pat Connaughton\connapa01,SG,26,MIL,61,2,1261,4.7,10.0,.466,1.9,5.7,.330,2.8,4.3,.647,0.8,1.1,.725,1.7,5.6,7.4,3.5,0.9,0.7,0.9,2.3,12.0
146,Quinn Cook\cookqu01,PG,25,GSW,74,10,1059,6.9,14.9,.465,2.8,6.8,.405,4.2,8.1,.515,0.7,0.9,.769,0.7,4.6,5.3,3.9,0.7,0.1,1.7,3.1,17.3
147,DeMarcus Cousins\couside01,C,28,GSW,30,30,771,8.3,17.3,.480,1.2,4.4,.274,7.1,12.9,.551,4.9,6.7,.736,2.0,9.5,11.5,5.0,1.9,2.1,3.4,5.1,22.8
148,Robert Covington\covinro01,SF,28,TOT,35,35,1203,4.7,10.8,.431,2.5,6.7,.378,2.1,4.1,.518,2.0,2.7,.764,0.8,4.9,5.8,1.4,2.2,1.4,1.4,3.8,13.9
149,Robert Covington\covinro01,SF,28,PHI,13,13,440,4.1,9.6,.427,2.5,6.3,.390,1.6,3.3,.500,1.4,1.9,.739,0.6,4.9,5.5,1.1,2.0,1.9,1.8,3.7,12.0
150,Robert Covington\covinro01,SF,28,MIN,22,22,763,5.0,11.6,.433,2.6,7.0,.372,2.4,4.6,.526,2.4,3.1,.773,1.0,5.0,5.9,1.5,2.4,1.1,1.2,3.8,15.0
151,Allen Crabbe\crabbal01,SG,26,BRK,43,20,1133,4.4,11.9,.367,3.1,8.2,.378,1.2,3.6,.342,1.3,1.8,.732,0.5,4.2,4.7,1.5,0.7,0.4,1.5,3.2,13.1
152,Torrey Craig\craigto01,SF,28,DEN,75,37,1503,3.8,8.7,.442,1.5,4.5,.324,2.4,4.2,.569,1.2,1.7,.700,2.1,4.2,6.3,1.7,0.9,1.1,1.1,4.2,10.3
153,Jamal Crawford\crawfja01,SG,38,PHO,64,0,1211,5.2,13.0,.397,2.0,6.0,.332,3.2,7.0,.453,2.8,3.3,.845,0.2,2.3,2.5,6.8,1.0,0.4,2.9,2.2,15.1
154,Mitch Creek\creekmi01,SF,26,TOT,5,0,48,6.0,12.0,.500,0.0,1.5,.000,6.0,10.5,.571,3.7,5.2,.714,4.5,4.5,9.0,4.5,1.5,0.0,0.7,2.3,15.8
155,Mitch Creek\creekmi01,SF,26,BRK,4,0,36,5.0,10.0,.500,0.0,1.0,.000,5.0,9.0,.556,5.0,7.0,.714,5.0,5.0,10.0,5.0,1.0,0.0,0.0,3.0,15.0
156,Mitch Creek\creekmi01,SF,26,MIN,1,0,12,9.0,18.0,.500,0.0,3.0,.000,9.0,15.0,.600,0.0,0.0,,3.0,3.0,6.0,3.0,3.0,0.0,3.0,0.0,18.0
157,Jae Crowder\crowdja01,SF,28,UTA,80,11,2166,5.3,13.2,.399,2.9,8.7,.331,2.4,4.6,.527,2.4,3.3,.721,1.0,5.4,6.4,2.2,1.1,0.5,1.4,2.8,15.8
158,Dante Cunningham\cunnida01,PF,31,SAS,64,21,928,2.9,6.1,.475,1.2,2.5,.462,1.7,3.6,.484,0.5,0.7,.778,1.9,5.4,7.3,1.9,1.0,0.5,0.9,2.8,7.5
159,Seth Curry\curryse01,SG,28,POR,74,2,1399,5.5,12.0,.456,2.9,6.5,.450,2.5,5.5,.463,1.1,1.3,.846,0.7,2.4,3.1,1.7,0.9,0.3,1.6,2.5,15.0
160,Stephen Curry\curryst01,PG,30,GSW,69,69,2331,9.8,20.7,.472,5.5,12.5,.437,4.3,8.2,.525,4.1,4.4,.916,0.7,5.0,5.7,5.6,1.4,0.4,3.0,2.6,29.1
161,Troy Daniels\danietr01,SG,27,PHO,51,1,760,5.4,13.0,.411,3.5,9.2,.381,1.8,3.8,.481,0.9,1.1,.783,0.6,2.8,3.5,1.2,1.2,0.2,1.3,3.7,15.1
162,Anthony Davis\davisan02,C,25,NOP,56,56,1850,10.3,20.0,.517,0.9,2.8,.331,9.4,17.1,.547,6.7,8.4,.794,3.4,9.7,13.1,4.2,1.7,2.6,2.2,2.6,28.3
163,Deyonta Davis\davisde01,C,22,ATL,9,0,118,4.6,6.7,.682,0.0,0.3,.000,4.6,6.4,.714,1.8,3.1,.600,3.1,7.9,11.0,1.5,0.9,1.5,0.9,3.7,11.0
164,Ed Davis\davised01,C,29,BRK,81,1,1446,4.6,7.5,.616,0.0,0.0,.000,4.6,7.5,.620,2.5,4.0,.617,5.4,11.9,17.3,1.5,0.9,0.8,1.6,5.6,11.8
165,Tyler Davis\davisty01,C,21,OKC,1,0,1,0.0,36.0,.000,0.0,0.0,,0.0,36.0,.000,0.0,0.0,,36.0,0.0,36.0,0.0,0.0,0.0,0.0,0.0,0.0
166,Dewayne Dedmon\dedmode01,C,29,ATL,64,52,1609,5.8,11.8,.492,1.9,4.9,.382,3.9,6.9,.570,2.1,2.5,.814,2.3,8.4,10.7,2.0,1.5,1.6,1.9,4.8,15.5
167,Sam Dekker\dekkesa01,PF,24,TOT,47,5,788,5.5,11.7,.469,0.9,2.8,.306,4.6,8.9,.521,1.3,2.1,.609,2.4,4.3,6.8,2.1,1.7,0.3,1.1,2.1,13.1
168,Sam Dekker\dekkesa01,PF,24,CLE,9,5,169,4.7,10.2,.458,1.1,2.8,.385,3.6,7.5,.486,1.7,2.1,.800,1.9,5.1,7.0,1.9,2.3,0.0,1.1,2.8,12.1
169,Sam Dekker\dekkesa01,PF,24,WAS,38,0,619,5.7,12.1,.471,0.8,2.8,.286,4.9,9.2,.528,1.2,2.1,.556,2.6,4.1,6.7,2.2,1.6,0.4,1.1,2.0,13.4
170,Ángel Delgado\delgaan01,C,24,LAC,2,0,15,2.4,12.0,.200,0.0,0.0,,2.4,12.0,.200,2.4,4.8,.500,4.8,4.8,9.6,0.0,2.4,0.0,0.0,4.8,7.2
171,Matthew Dellavedova\dellama01,PG,28,TOT,48,0,812,4.3,10.7,.405,2.0,5.8,.338,2.4,5.0,.482,1.9,2.3,.808,0.3,3.1,3.4,8.0,0.6,0.1,3.0,3.3,12.5
172,Matthew Dellavedova\dellama01,PG,28,MIL,12,0,97,2.2,7.1,.316,1.5,4.1,.364,0.7,3.0,.250,1.5,1.5,1.000,0.0,3.7,3.7,10.8,0.7,0.0,4.1,3.3,7.4
173,Matthew Dellavedova\dellama01,PG,28,CLE,36,0,715,4.6,11.2,.413,2.0,6.0,.336,2.6,5.2,.500,1.9,2.4,.792,0.3,3.1,3.4,7.7,0.6,0.1,2.9,3.3,13.2
174,Luol Deng\denglu01,SF,33,MIN,22,2,392,5.4,10.8,.500,1.3,4.0,.318,4.1,6.8,.608,2.3,3.2,.714,1.8,4.9,6.7,1.7,1.4,0.7,1.3,2.2,14.4
175,DeMar DeRozan\derozde01,SG,29,SAS,77,77,2688,8.5,17.6,.481,0.1,0.6,.156,8.4,17.0,.492,4.9,5.9,.830,0.7,5.5,6.2,6.4,1.2,0.5,2.7,2.4,21.9
176,Marcus Derrickson\derrima01,PF,22,GSW,11,0,67,8.6,17.7,.485,5.4,10.7,.500,3.2,7.0,.462,2.1,2.7,.800,4.3,2.7,7.0,0.5,0.0,0.5,1.6,4.8,24.7
177,Cheick Diallo\diallch01,PF,22,NOP,64,1,896,6.8,10.9,.620,0.0,0.2,.250,6.7,10.7,.625,2.0,2.7,.746,3.0,10.3,13.3,1.3,1.2,1.3,2.0,4.5,15.5
178,Hamidou Diallo\diallha01,SG,20,OKC,51,3,526,5.1,11.3,.455,0.3,1.6,.167,4.9,9.7,.504,2.5,4.0,.610,2.6,4.0,6.6,1.2,1.4,0.7,1.6,5.3,13.0
179,Gorgui Dieng\dienggo01,C,29,MIN,76,2,1031,6.6,13.2,.501,0.7,2.0,.339,5.9,11.2,.530,3.1,3.7,.830,2.8,8.0,10.9,2.5,1.7,1.4,2.0,4.7,16.9
180,Spencer Dinwiddie\dinwisp01,PG,25,BRK,68,4,1914,6.9,15.6,.442,2.3,7.0,.335,4.6,8.6,.528,5.4,6.7,.806,0.5,2.6,3.1,5.8,0.8,0.3,2.9,3.5,21.5
181,Donte DiVincenzo\divindo01,SG,22,MIL,27,0,411,4.4,10.9,.403,1.9,7.3,.265,2.5,3.6,.683,0.8,1.1,.750,1.4,4.3,5.7,2.7,1.1,0.5,1.7,3.3,11.5
182,Luka Dončić\doncilu01,SG,19,DAL,72,72,2318,7.9,18.4,.427,2.6,8.0,.327,5.2,10.4,.503,5.4,7.5,.713,1.3,7.4,8.7,6.7,1.2,0.4,3.8,2.1,23.7
183,Tyler Dorsey\dorsety01,SG,22,TOT,48,11,698,5.5,13.6,.405,2.3,6.8,.333,3.2,6.8,.477,2.0,3.1,.623,1.4,4.4,5.8,2.9,0.7,0.1,1.4,2.7,15.3
184,Tyler Dorsey\dorsety01,SG,22,ATL,27,0,251,4.6,12.8,.360,1.4,5.6,.256,3.2,7.2,.440,2.3,3.7,.615,1.3,4.9,6.2,2.4,1.0,0.1,1.4,2.9,12.9
185,Tyler Dorsey\dorsety01,SG,22,MEM,21,11,447,6.0,14.1,.429,2.7,7.5,.366,3.3,6.6,.500,1.8,2.8,.629,1.4,4.2,5.6,3.1,0.6,0.1,1.4,2.7,16.6
186,Damyean Dotson\dotsoda01,SG,24,NYK,73,40,2004,5.2,12.5,.415,2.3,6.1,.368,2.9,6.4,.461,1.3,1.8,.745,0.6,4.1,4.7,2.4,1.0,0.2,1.3,2.4,14.0
187,PJ Dozier\doziepj01,SG,22,BOS,6,0,51,5.6,14.8,.381,1.4,5.6,.250,4.2,9.2,.462,0.7,1.4,.500,4.2,7.8,12.0,3.5,1.4,0.0,0.0,1.4,13.4
188,Goran Dragić\dragigo01,PG,32,MIA,36,22,991,6.5,15.7,.413,2.1,6.0,.348,4.4,9.8,.454,2.9,3.7,.782,0.7,3.3,4.0,6.3,1.1,0.2,2.6,2.9,17.9
189,Andre Drummond\drumman01,C,25,DET,79,79,2647,7.6,14.3,.533,0.1,0.5,.132,7.6,13.8,.548,3.3,5.6,.590,5.8,11.0,16.8,1.5,1.8,1.9,2.4,3.7,18.6
190,Jared Dudley\dudleja01,PF,33,BRK,59,25,1220,3.0,7.1,.423,1.6,4.5,.351,1.4,2.6,.545,0.9,1.4,.696,1.0,3.6,4.6,2.4,1.1,0.5,1.3,3.9,8.5
191,Kris Dunn\dunnkr01,PG,24,CHI,46,44,1389,5.6,13.1,.425,0.9,2.5,.354,4.7,10.6,.441,1.4,1.8,.797,0.5,4.4,4.8,7.2,1.8,0.5,2.7,4.3,13.5
192,Kevin Durant\duranke01,SF,30,GSW,78,78,2702,9.6,18.4,.521,1.8,5.2,.353,7.8,13.3,.587,6.0,6.7,.885,0.4,6.2,6.6,6.1,0.8,1.1,3.0,2.1,27.0
193,Trevon Duval\duvaltr01,PG,20,MIL,3,0,6,12.0,18.0,.667,6.0,6.0,1.000,6.0,12.0,.500,0.0,0.0,,0.0,6.0,6.0,12.0,0.0,0.0,0.0,0.0,30.0
194,Vince Edwards\edwarvi01,SF,22,HOU,2,0,16,2.3,9.0,.250,2.3,9.0,.250,0.0,0.0,,0.0,0.0,,2.3,2.3,4.5,0.0,0.0,0.0,0.0,0.0,6.8
195,Henry Ellenson\ellenhe01,PF,22,TOT,19,0,259,5.4,13.2,.411,2.4,5.3,.447,3.1,7.9,.386,2.6,3.5,.760,0.7,8.5,9.2,2.2,1.0,0.3,1.3,3.8,15.8
196,Henry Ellenson\ellenhe01,PF,22,DET,2,0,25,5.8,14.4,.400,2.9,5.8,.500,2.9,8.6,.333,2.9,2.9,1.000,0.0,13.0,13.0,1.4,0.0,0.0,0.0,2.9,17.3
197,Henry Ellenson\ellenhe01,PF,22,NYK,17,0,234,5.4,13.1,.412,2.3,5.2,.441,3.1,7.8,.392,2.6,3.5,.739,0.8,8.0,8.8,2.3,1.1,0.3,1.4,3.8,15.7
198,Wayne Ellington\ellinwa01,SG,31,TOT,53,38,1297,5.1,12.7,.403,3.8,10.3,.371,1.3,2.4,.541,1.1,1.4,.796,0.4,2.6,3.0,2.0,1.5,0.2,1.1,2.6,15.1
199,Wayne Ellington\ellinwa01,SG,31,MIA,25,12,533,4.7,12.4,.375,3.8,10.5,.368,0.8,2.0,.414,0.9,1.1,.875,0.4,2.8,3.2,2.0,1.6,0.2,0.9,2.7,14.1
200,Wayne Ellington\ellinwa01,SG,31,DET,28,26,764,5.4,12.9,.421,3.8,10.2,.373,1.6,2.6,.607,1.2,1.6,.758,0.4,2.5,2.8,2.0,1.4,0.1,1.2,2.5,15.8
201,Joel Embiid\embiijo01,C,24,PHI,64,64,2154,9.7,20.0,.484,1.3,4.4,.300,8.4,15.6,.535,8.7,10.8,.804,2.7,11.9,14.6,3.9,0.8,2.0,3.8,3.5,29.4
202,James Ennis\ennisja01,SF,28,TOT,58,27,1230,4.0,8.6,.469,1.6,4.6,.353,2.4,4.0,.601,1.7,2.4,.716,1.8,3.6,5.3,1.2,1.2,0.7,1.0,4.4,11.4
203,James Ennis\ennisja01,SF,28,HOU,40,25,949,3.9,8.0,.493,1.7,4.6,.367,2.3,3.5,.659,1.6,2.2,.724,1.4,3.0,4.4,1.0,1.4,0.6,0.9,4.2,11.2
204,James Ennis\ennisja01,SF,28,PHI,18,2,281,4.4,10.6,.410,1.4,4.6,.306,2.9,6.0,.489,2.0,2.9,.696,2.9,5.4,8.3,1.8,0.4,0.9,1.4,5.0,12.2
205,Drew Eubanks\eubandr01,PF,21,SAS,23,0,113,4.8,8.3,.577,0.0,0.0,,4.8,8.3,.577,3.5,4.1,.846,1.9,8.9,10.8,2.2,0.6,1.6,2.5,3.5,13.1
206,Jacob Evans\evansja02,SG,21,GSW,30,1,204,3.2,9.4,.340,0.7,2.6,.267,2.5,6.7,.368,0.0,0.2,.000,1.1,3.4,4.4,4.1,0.9,0.5,1.9,4.9,7.1
207,Jawun Evans\evansja01,PG,22,TOT,8,0,65,1.7,7.8,.214,0.0,1.7,.000,1.7,6.1,.273,0.0,0.0,,0.6,6.1,6.6,5.5,1.7,0.0,3.3,4.4,3.3
208,Jawun Evans\evansja01,PG,22,PHO,7,0,64,1.7,7.3,.231,0.0,1.1,.000,1.7,6.2,.273,0.0,0.0,,0.6,6.2,6.8,5.6,1.7,0.0,3.4,4.5,3.4
209,Jawun Evans\evansja01,PG,22,OKC,1,0,1,0.0,36.0,.000,0.0,36.0,.000,0.0,0.0,,0.0,0.0,,0.0,0.0,0.0,0.0,0.0,0.0,0.0,0.0,0.0
210,Tyreke Evans\evansty01,SG,29,IND,69,18,1402,6.6,16.9,.389,2.0,5.5,.356,4.6,11.4,.405,3.0,4.1,.719,0.8,4.3,5.2,4.3,1.5,0.5,3.0,3.0,18.1
211,Dante Exum\exumda01,PG,23,UTA,42,1,664,5.5,13.1,.419,1.0,3.4,.290,4.5,9.7,.464,3.7,4.7,.791,0.9,2.8,3.7,6.0,0.8,0.3,2.8,3.7,15.6
212,Kenneth Faried\farieke01,C,29,TOT,37,13,728,7.7,13.1,.589,0.4,1.2,.320,7.3,11.9,.617,3.2,4.9,.646,4.8,7.6,12.4,1.0,0.8,1.1,1.6,4.1,19.0
213,Kenneth Faried\farieke01,C,29,BRK,12,0,118,7.6,12.8,.595,0.3,1.5,.200,7.3,11.3,.649,3.1,4.9,.625,4.6,8.8,13.4,0.6,0.6,1.2,1.8,2.4,18.6
214,Kenneth Faried\farieke01,C,29,HOU,25,13,610,7.7,13.2,.587,0.4,1.2,.350,7.3,12.0,.611,3.2,4.9,.651,4.8,7.3,12.2,1.1,0.9,1.1,1.6,4.4,19.1
215,Derrick Favors\favorde01,C,27,UTA,76,70,1766,7.4,12.6,.586,0.3,1.6,.218,7.1,11.0,.640,3.1,4.6,.675,4.2,7.2,11.4,1.8,1.1,2.2,1.7,3.3,18.3
216,Cristiano Felício\feliccr01,C,26,CHI,60,0,746,4.6,8.6,.531,0.0,0.2,.000,4.6,8.4,.543,2.4,3.5,.685,3.8,6.7,10.5,1.8,0.5,0.3,1.6,3.3,11.6
217,Raymond Felton\feltora01,PG,34,OKC,33,0,379,5.2,12.8,.407,1.9,5.8,.328,3.3,7.0,.473,1.1,1.2,.923,0.4,2.8,3.2,4.9,0.9,0.6,1.3,2.8,13.5
218,Terrance Ferguson\fergute01,SG,20,OKC,74,74,1931,3.4,8.0,.429,2.0,5.4,.366,1.5,2.6,.560,0.7,1.0,.725,0.6,2.0,2.6,1.3,0.7,0.3,0.9,4.3,9.6
219,Yogi Ferrell\ferreyo01,PG,25,SAC,71,3,1067,5.2,11.9,.435,1.8,5.0,.362,3.3,6.8,.488,2.0,2.3,.896,0.4,3.2,3.7,4.6,1.2,0.1,1.3,2.2,14.2
220,Dorian Finney-Smith\finnedo01,SF,25,DAL,81,26,1985,4.1,9.6,.432,1.4,4.6,.311,2.7,5.0,.544,1.3,1.9,.709,2.5,4.6,7.1,1.7,1.3,0.7,1.3,3.4,11.0
221,Bryn Forbes\forbebr01,SG,25,SAS,82,81,2293,5.7,12.4,.456,2.8,6.5,.426,2.9,5.9,.489,1.1,1.2,.885,0.3,3.5,3.8,2.7,0.7,0.1,1.3,2.5,15.2
222,Evan Fournier\fournev01,SG,26,ORL,81,81,2553,6.6,15.1,.438,2.2,6.3,.340,4.4,8.7,.509,1.9,2.4,.806,0.5,3.1,3.6,4.2,1.0,0.2,2.2,3.2,17.3
223,De'Aaron Fox\foxde01,PG,21,SAC,81,81,2546,7.1,15.6,.458,1.2,3.3,.371,5.9,12.3,.482,4.3,5.9,.727,0.6,3.7,4.3,8.3,1.9,0.6,3.2,2.9,19.8
224,Melvin Frazier\frazime01,SG,22,ORL,10,0,44,5.7,17.2,.333,0.0,4.9,.000,5.7,12.3,.467,0.8,3.3,.250,2.5,1.6,4.1,0.8,0.8,0.0,0.8,4.9,12.3
225,Tim Frazier\fraziti01,PG,28,TOT,59,19,1120,3.7,8.4,.444,1.2,3.2,.366,2.5,5.1,.494,1.3,1.7,.759,1.3,4.1,5.4,8.0,1.0,0.2,2.4,3.6,10.0
226,Tim Frazier\fraziti01,PG,28,NOP,47,17,909,3.5,7.7,.451,1.1,3.0,.351,2.4,4.7,.517,1.3,1.6,.780,1.3,4.2,5.4,8.2,1.0,0.2,2.4,3.7,9.3
227,Tim Frazier\fraziti01,PG,28,MIL,12,2,211,4.8,11.3,.424,1.7,4.1,.417,3.1,7.2,.429,1.5,2.2,.692,1.5,3.8,5.3,7.2,0.9,0.2,2.7,3.2,12.8
228,Jimmer Fredette\fredeji01,SG,29,PHO,6,0,65,4.4,16.1,.276,0.0,7.2,.000,4.4,8.9,.500,3.3,3.3,1.000,0.6,3.3,3.9,4.4,1.7,0.0,2.8,2.8,12.2
229,Channing Frye\fryech01,C,35,CLE,36,6,341,4.5,12.4,.368,3.4,8.3,.405,1.2,4.0,.289,1.2,1.5,.786,0.4,5.1,5.5,2.1,0.6,0.5,1.4,4.6,13.6
230,Markelle Fultz\fultzma01,SG,20,PHI,19,15,427,5.5,13.1,.419,0.3,1.2,.286,5.1,11.9,.433,1.8,3.1,.568,2.2,3.7,5.9,5.0,1.4,0.4,2.1,4.4,13.1
231,Danilo Gallinari\gallida01,SF,30,LAC,68,68,2059,7.2,15.5,.463,2.8,6.5,.433,4.3,9.0,.484,6.4,7.1,.904,0.9,6.3,7.3,3.1,0.9,0.4,1.7,2.3,23.5
232,Langston Galloway\gallola01,SG,27,DET,80,4,1745,4.7,12.1,.388,2.8,7.8,.355,1.9,4.3,.449,1.7,2.0,.844,1.0,2.5,3.5,1.8,0.8,0.2,0.5,2.8,13.9
233,Billy Garrett\garrebi01,SG,24,NYK,4,0,63,6.3,15.4,.407,0.0,4.6,.000,6.3,10.9,.579,2.3,2.3,1.000,0.0,1.7,1.7,4.0,0.6,0.6,1.1,1.7,14.9
234,Marc Gasol\gasolma01,C,34,TOT,79,72,2436,5.8,12.9,.448,1.5,4.0,.363,4.3,8.8,.487,2.8,3.7,.759,1.2,8.1,9.3,5.2,1.2,1.3,2.3,3.2,15.8
235,Marc Gasol\gasolma01,C,34,MEM,53,53,1788,6.1,13.8,.444,1.5,4.4,.344,4.6,9.3,.491,3.1,4.0,.756,1.1,8.0,9.2,5.0,1.2,1.3,2.4,3.0,16.8
236,Marc Gasol\gasolma01,C,34,TOR,26,19,648,4.8,10.4,.465,1.3,2.9,.442,3.6,7.5,.474,2.2,2.9,.769,1.3,8.2,9.6,5.6,1.3,1.3,2.0,3.9,13.2
237,Pau Gasol\gasolpa01,C,38,TOT,30,6,360,4.2,9.4,.447,0.6,1.3,.462,3.6,8.1,.444,2.8,4.0,.700,2.2,11.5,13.7,5.2,0.5,1.5,1.6,2.9,11.8
238,Pau Gasol\gasolpa01,C,38,SAS,27,6,330,4.5,9.6,.466,0.5,1.1,.500,3.9,8.5,.462,2.9,4.1,.711,2.4,11.5,13.9,5.5,0.5,1.5,1.5,3.1,12.4
239,Pau Gasol\gasolpa01,C,38,MIL,3,0,30,1.2,7.2,.167,1.2,3.6,.333,0.0,3.6,.000,1.2,2.4,.500,0.0,12.0,12.0,2.4,0.0,1.2,2.4,1.2,4.8
240,Rudy Gay\gayru01,PF,32,SAS,69,51,1842,7.3,14.6,.504,1.4,3.6,.402,5.9,11.0,.537,2.3,2.9,.816,1.2,8.0,9.2,3.6,1.1,0.7,2.2,3.1,18.5
241,Paul George\georgpa01,SF,28,OKC,77,77,2841,9.0,20.5,.438,3.7,9.6,.386,5.3,10.9,.484,5.7,6.8,.839,1.3,6.6,8.0,4.0,2.2,0.4,2.6,2.7,27.4
242,Taj Gibson\gibsota01,PF,33,MIN,70,57,1686,6.5,11.5,.566,0.2,0.7,.324,6.3,10.7,.583,2.9,3.8,.757,3.7,6.1,9.8,1.8,1.1,0.8,1.6,4.0,16.1
243,Harry Giles\gilesha01,PF,20,SAC,58,0,820,7.7,15.3,.503,0.0,0.3,.000,7.7,15.0,.512,2.5,4.0,.637,2.9,6.8,9.7,3.7,1.4,1.0,3.2,6.6,17.9
244,Shai Gilgeous-Alexander\gilgesh01,PG,20,LAC,82,73,2174,5.6,11.9,.476,0.8,2.3,.367,4.8,9.6,.503,2.6,3.2,.800,0.9,2.9,3.8,4.5,1.6,0.7,2.3,2.9,14.7
245,Rudy Gobert\goberru01,C,26,UTA,81,80,2577,6.6,9.9,.669,0.0,0.0,,6.6,9.9,.669,4.6,7.3,.636,4.3,10.2,14.5,2.2,0.9,2.6,1.8,3.2,17.9
246,Brandon Goodwin\goodwbr01,PG,23,DEN,16,0,57,3.8,14.5,.261,1.3,3.8,.333,2.5,10.7,.235,5.7,6.9,.818,0.6,1.3,1.9,8.8,0.0,0.0,1.9,4.4,14.5
247,Aaron Gordon\gordoaa01,PF,23,ORL,78,78,2633,6.4,14.3,.449,1.7,4.7,.349,4.8,9.6,.499,2.5,3.5,.731,1.8,6.1,7.8,4.0,0.8,0.8,2.2,2.4,17.0
248,Eric Gordon\gordoer01,SG,30,HOU,68,53,2158,6.4,15.6,.409,3.6,10.0,.360,2.8,5.6,.497,2.0,2.5,.783,0.3,2.2,2.5,2.2,0.7,0.5,1.5,2.4,18.4
249,Marcin Gortat\gortama01,C,34,LAC,47,43,751,4.7,8.9,.532,0.0,0.0,,4.7,8.9,.532,1.7,2.3,.729,3.2,9.3,12.5,3.1,0.3,1.2,2.4,4.4,11.2
250,Devonte' Graham\grahade01,PG,23,CHO,46,3,676,3.9,11.5,.343,1.8,6.4,.281,2.1,5.1,.421,1.9,2.4,.761,0.5,2.8,3.4,6.4,1.2,0.1,1.6,2.6,11.6
251,Treveon Graham\grahatr01,SG,25,BRK,35,21,715,3.2,9.6,.335,1.9,6.4,.297,1.3,3.2,.413,0.9,1.1,.818,1.2,4.2,5.4,1.7,0.7,0.4,0.9,3.4,9.3
252,Jerami Grant\grantje01,PF,24,OKC,80,77,2612,5.6,11.3,.497,1.6,4.0,.392,4.1,7.3,.555,2.2,3.0,.710,1.3,4.4,5.7,1.1,0.8,1.4,0.9,2.9,15.0
253,Jerian Grant\grantje02,PG,26,ORL,60,1,939,3.5,8.4,.418,1.5,4.2,.364,2.0,4.2,.473,1.0,1.5,.650,0.7,3.0,3.8,6.0,1.7,0.2,2.0,3.0,9.6
254,Donte Grantham\grantdo01,SF,23,OKC,3,0,2,0.0,36.0,.000,0.0,36.0,.000,0.0,0.0,,0.0,0.0,,0.0,0.0,0.0,0.0,0.0,0.0,0.0,0.0,0.0
255,Danny Green\greenda02,SG,31,TOR,80,80,2216,4.8,10.2,.465,3.2,7.1,.455,1.5,3.2,.487,0.6,0.7,.841,1.0,4.2,5.1,2.0,1.2,0.9,1.2,2.8,13.3
256,Draymond Green\greendr01,PF,28,GSW,66,66,2065,3.3,7.4,.445,0.8,2.9,.285,2.5,4.5,.549,1.1,1.6,.692,1.0,7.3,8.4,7.9,1.7,1.2,2.9,3.4,8.5
257,Gerald Green\greenge01,SG,33,HOU,73,0,1473,5.6,14.1,.400,3.8,10.8,.354,1.8,3.3,.547,1.4,1.7,.838,0.7,3.7,4.4,1.0,0.8,0.7,1.3,3.1,16.5
258,JaMychal Green\greenja01,PF,28,TOT,65,6,1371,6.0,12.5,.483,1.9,4.6,.403,4.2,7.9,.530,2.1,2.7,.792,2.7,8.0,10.7,1.3,1.2,0.9,2.3,5.1,16.0
259,JaMychal Green\greenja01,PF,28,MEM,41,4,900,6.0,12.5,.484,1.5,3.8,.396,4.5,8.6,.523,2.5,3.2,.788,2.9,7.2,10.1,1.4,1.3,1.0,2.6,4.9,16.1
260,JaMychal Green\greenja01,PF,28,LAC,24,2,471,6.0,12.5,.482,2.5,6.1,.413,3.5,6.4,.548,1.3,1.6,.810,2.4,9.6,12.0,1.1,0.9,0.6,1.8,5.4,15.9
261,Jeff Green\greenje02,PF,32,WAS,77,44,2097,5.6,11.8,.475,1.9,5.5,.347,3.7,6.3,.586,3.1,3.5,.888,1.0,4.3,5.3,2.4,0.7,0.7,1.7,2.7,16.2
262,Blake Griffin\griffbl01,PF,29,DET,75,75,2622,8.5,18.4,.462,2.6,7.2,.362,5.9,11.2,.525,5.7,7.6,.753,1.4,6.4,7.8,5.5,0.7,0.4,3.5,2.7,25.3
263,Daniel Hamilton\hamilda02,SG,23,ATL,19,3,204,4.1,10.6,.383,1.4,4.1,.348,2.6,6.5,.405,0.5,1.1,.500,1.8,6.5,8.3,3.9,1.1,0.2,2.8,3.4,10.1
264,Dusty Hannahs\hannadu01,SG,25,MEM,2,0,26,4.2,16.6,.250,0.0,6.9,.000,4.2,9.7,.429,2.8,2.8,1.000,0.0,1.4,1.4,6.9,1.4,0.0,1.4,1.4,11.1
265,Tim Hardaway Jr.\hardati02,SG,26,TOT,65,63,2057,6.8,17.4,.393,2.8,8.3,.340,4.0,9.0,.442,4.1,4.8,.841,0.6,3.3,3.9,2.8,0.9,0.1,1.8,2.5,20.5
266,Tim Hardaway Jr.\hardati02,SG,26,NYK,46,46,1499,6.8,17.4,.388,2.8,8.1,.347,4.0,9.3,.424,4.8,5.6,.854,0.6,3.2,3.9,2.9,1.0,0.1,1.9,2.5,21.1
267,Tim Hardaway Jr.\hardati02,SG,26,DAL,19,17,558,7.0,17.2,.404,2.9,9.0,.321,4.1,8.2,.496,2.1,2.8,.767,0.5,3.5,3.9,2.4,0.8,0.1,1.5,2.3,19.0
268,James Harden\hardeja01,PG,29,HOU,78,78,2867,10.6,24.0,.442,4.7,12.9,.368,5.8,11.1,.528,9.5,10.8,.879,0.8,5.7,6.5,7.4,2.0,0.7,4.9,3.1,35.4
269,Maurice Harkless\harklma01,SF,25,POR,60,53,1415,4.8,9.9,.487,0.8,3.1,.275,4.0,6.8,.582,1.2,1.9,.671,2.0,4.9,6.8,1.9,1.7,1.3,1.1,4.1,11.7
270,Montrezl Harrell\harremo01,C,25,LAC,82,5,2158,9.1,14.8,.615,0.1,0.3,.176,9.1,14.5,.623,4.4,6.9,.643,3.1,5.9,8.9,2.7,1.2,1.8,2.2,4.3,22.7
271,Devin Harris\harride01,PG,35,DAL,68,2,1071,4.4,11.7,.380,2.1,6.7,.310,2.4,4.9,.476,3.4,4.5,.761,0.4,3.4,3.8,4.1,1.2,0.5,1.9,4.5,14.4
272,Gary Harris\harriga01,SG,24,DEN,57,48,1639,5.9,14.0,.424,1.8,5.3,.339,4.1,8.7,.476,2.5,3.2,.799,0.9,2.6,3.5,2.8,1.2,0.4,1.5,2.5,16.2
273,Joe Harris\harrijo01,SG,27,BRK,76,76,2293,5.9,11.7,.500,2.9,6.1,.474,3.0,5.7,.528,1.7,2.1,.827,0.8,3.8,4.6,2.8,0.6,0.3,1.9,2.9,16.3
274,Tobias Harris\harrito02,PF,26,TOT,82,82,2847,7.7,15.9,.487,2.0,5.0,.397,5.8,10.9,.528,3.4,3.9,.866,0.9,7.3,8.2,2.9,0.6,0.5,1.9,2.3,20.8
275,Tobias Harris\harrito02,PF,26,LAC,55,55,1903,8.0,16.2,.496,2.1,4.9,.434,5.9,11.3,.523,3.6,4.1,.877,0.7,7.5,8.2,2.8,0.8,0.5,2.1,2.3,21.8
276,Tobias Harris\harrito02,PF,26,PHI,27,27,944,7.1,15.2,.469,1.7,5.1,.326,5.5,10.1,.542,2.8,3.4,.841,1.2,6.9,8.1,3.0,0.4,0.5,1.6,2.3,18.8
277,Andrew Harrison\harrian01,PG,24,TOT,17,0,187,3.1,10.2,.302,1.0,4.8,.200,2.1,5.4,.393,3.3,3.5,.944,1.2,2.7,3.9,4.6,0.8,0.4,2.3,6.5,10.4
278,Andrew Harrison\harrian01,PG,24,MEM,1,0,5,7.2,14.4,.500,0.0,7.2,.000,7.2,7.2,1.000,0.0,0.0,,0.0,0.0,0.0,0.0,0.0,0.0,0.0,7.2,14.4
279,Andrew Harrison\harrian01,PG,24,CLE,10,0,144,3.0,9.7,.308,0.7,3.5,.214,2.3,6.2,.360,4.0,4.0,1.000,1.0,2.7,3.7,4.2,1.0,0.5,2.5,6.5,10.7
280,Andrew Harrison\harrian01,PG,24,NOP,6,0,38,2.8,11.4,.250,1.9,9.5,.200,0.9,1.9,.500,0.9,1.9,.500,1.9,2.8,4.7,6.6,0.0,0.0,1.9,6.6,8.5
281,Shaquille Harrison\harrish01,SG,25,CHI,73,11,1430,4.6,10.7,.432,0.6,2.2,.270,4.0,8.5,.475,2.1,3.1,.667,0.8,4.8,5.6,3.5,2.2,0.8,1.5,3.1,11.9
282,Josh Hart\hartjo01,SG,23,LAL,67,22,1715,4.0,9.7,.407,1.9,5.8,.336,2.0,4.0,.511,1.2,1.7,.688,0.7,4.5,5.2,2.0,1.3,0.8,1.2,3.1,11.0
283,Isaiah Hartenstein\harteis01,PF,20,HOU,28,0,221,3.3,6.7,.488,0.3,1.0,.333,2.9,5.7,.514,1.8,2.3,.786,3.4,4.2,7.7,2.4,1.1,2.0,2.1,9.1,8.6
284,Udonis Haslem\hasleud01,C,38,MIA,10,1,74,5.4,16.1,.333,0.0,5.8,.000,5.4,10.2,.524,1.5,1.9,.750,1.5,11.7,13.1,1.0,0.0,0.0,1.5,4.4,12.2
285,Gordon Hayward\haywago01,PF,28,BOS,72,18,1863,5.7,12.3,.466,1.5,4.5,.333,4.2,7.8,.542,3.0,3.6,.834,1.0,5.2,6.2,4.7,1.2,0.4,2.0,2.0,15.9
286,John Henson\hensojo01,C,28,MIL,14,0,188,5.9,12.8,.463,2.1,5.9,.355,3.8,6.9,.556,1.1,1.9,.600,3.1,10.5,13.6,2.7,1.3,2.1,2.3,3.1,15.1
287,Juan Hernangómez\hernaju01,PF,23,DEN,70,25,1358,3.7,8.3,.439,1.7,4.8,.365,1.9,3.5,.541,1.7,2.3,.767,1.7,5.3,7.0,1.5,0.7,0.6,1.0,2.5,10.8
288,Willy Hernangómez\hernawi01,C,24,CHO,58,3,812,6.8,13.1,.519,0.7,1.7,.385,6.1,11.3,.539,4.4,6.4,.694,5.2,8.6,13.8,2.7,0.7,0.9,2.6,4.3,18.7
289,Mario Hezonja\hezonma01,SF,23,NYK,58,24,1206,5.7,13.9,.412,1.3,4.5,.276,4.4,9.3,.478,2.6,3.4,.763,0.8,6.3,7.1,2.6,1.7,0.2,2.6,3.3,15.3
290,Isaiah Hicks\hicksis01,PF,24,NYK,3,0,32,4.5,9.0,.500,0.0,0.0,,4.5,9.0,.500,4.5,5.6,.800,2.3,5.6,7.9,2.3,1.1,3.4,1.1,5.6,13.5
291,Buddy Hield\hieldbu01,SG,26,SAC,82,82,2615,8.6,18.7,.458,3.8,9.0,.427,4.7,9.8,.487,2.4,2.7,.886,1.5,4.2,5.7,2.8,0.8,0.5,2.0,2.8,23.3
292,Haywood Highsmith\highsha01,SF,22,PHI,5,0,40,3.6,9.0,.400,0.9,4.5,.200,2.7,4.5,.600,0.0,1.8,.000,0.0,4.5,4.5,1.8,0.9,0.0,0.9,0.9,8.1
293,Nenê\hilarne01,C,36,HOU,42,2,546,4.0,7.6,.517,0.0,0.2,.000,4.0,7.5,.531,2.0,3.1,.660,2.2,5.9,8.1,1.7,1.2,1.0,0.7,5.7,10.0
294,George Hill\hillge01,PG,32,TOT,60,13,1302,4.7,10.4,.452,1.3,4.2,.314,3.4,6.2,.547,1.9,2.4,.824,1.1,3.0,4.1,3.7,1.4,0.2,1.4,2.8,12.7
295,George Hill\hillge01,PG,32,CLE,13,13,344,5.8,11.2,.514,1.4,2.9,.464,4.4,8.3,.532,1.8,2.1,.850,1.3,1.6,2.8,3.8,1.3,0.1,2.1,3.7,14.7
296,George Hill\hillge01,PG,32,MIL,47,0,958,4.3,10.1,.428,1.3,4.7,.280,3.0,5.4,.556,2.0,2.4,.815,1.0,3.5,4.5,3.7,1.5,0.3,1.2,2.5,11.9
297,Solomon Hill\hillso01,SF,27,NOP,44,15,878,2.8,7.3,.382,1.3,4.1,.317,1.5,3.2,.468,0.9,1.3,.719,1.4,4.1,5.5,2.3,0.9,0.4,1.3,3.3,7.8
298,Aaron Holiday\holidaa01,PG,22,IND,50,0,646,5.9,14.6,.401,2.4,7.1,.339,3.5,7.5,.459,2.3,2.8,.820,0.3,3.5,3.7,4.8,1.2,0.7,2.2,4.0,16.4
299,Jrue Holiday\holidjr01,SG,28,NOP,67,67,2402,8.2,17.4,.472,1.8,5.4,.325,6.4,11.9,.539,3.1,4.1,.768,1.1,3.9,5.0,7.8,1.6,0.8,3.1,2.2,21.3
300,Justin Holiday\holidju01,SG,29,TOT,82,77,2607,4.1,10.7,.386,2.2,6.4,.348,1.9,4.3,.442,1.3,1.5,.896,0.6,3.8,4.5,2.0,1.7,0.5,1.4,2.3,11.8
301,Justin Holiday\holidju01,SG,29,CHI,38,38,1325,4.1,10.7,.383,2.6,7.3,.359,1.5,3.4,.435,1.1,1.2,.891,0.5,4.1,4.6,2.3,1.8,0.6,1.3,2.1,12.0
302,Justin Holiday\holidju01,SG,29,MEM,44,39,1282,4.2,10.8,.389,1.8,5.5,.333,2.4,5.3,.447,1.5,1.7,.900,0.8,3.6,4.3,1.7,1.5,0.4,1.6,2.4,11.7
303,John Holland\hollajo02,SF,30,CLE,1,0,1,0.0,0.0,,0.0,0.0,,0.0,0.0,,0.0,0.0,,0.0,0.0,0.0,0.0,0.0,0.0,0.0,0.0,0.0
304,Rondae Hollis-Jefferson\holliro01,SF,24,BRK,59,21,1234,5.8,14.2,.411,0.3,1.4,.184,5.6,12.8,.436,3.4,5.3,.645,2.4,6.6,9.0,2.8,1.3,0.8,2.0,3.1,15.4
305,Richaun Holmes\holmeri01,C,25,PHO,70,4,1184,6.8,11.1,.608,0.0,0.0,,6.8,11.1,.608,3.9,5.3,.731,3.5,6.6,10.1,1.8,1.3,2.4,1.6,5.9,17.4
306,Rodney Hood\hoodro01,SG,26,TOT,72,49,1893,5.6,12.8,.435,1.6,4.5,.356,4.0,8.3,.478,2.6,2.9,.884,0.5,2.5,3.0,2.4,1.1,0.2,1.0,2.8,15.3
307,Rodney Hood\hoodro01,SG,26,CLE,45,45,1234,5.7,13.2,.427,1.6,4.4,.362,4.1,8.8,.460,3.0,3.3,.912,0.5,2.7,3.3,2.7,1.1,0.1,1.1,2.9,16.0
308,Rodney Hood\hoodro01,SG,26,POR,27,4,659,5.4,11.9,.452,1.6,4.6,.345,3.8,7.3,.519,1.8,2.2,.805,0.4,2.1,2.5,1.9,1.1,0.4,1.0,2.5,14.1
309,Al Horford\horfoal01,C,32,BOS,68,68,1973,7.1,13.2,.535,1.3,3.7,.360,5.7,9.5,.604,1.4,1.7,.821,2.2,6.2,8.4,5.2,1.1,1.6,1.9,2.3,16.9
310,Danuel House\houseda01,SF,25,HOU,39,13,979,4.3,9.3,.468,2.7,6.5,.416,1.6,2.7,.595,2.1,2.6,.789,0.9,4.2,5.1,1.5,0.8,0.4,1.3,2.9,13.5
311,Dwight Howard\howardw01,C,33,WAS,9,9,230,6.7,10.8,.623,0.0,0.0,,6.7,10.8,.623,4.5,7.5,.604,3.8,9.2,13.0,0.6,1.1,0.6,2.5,5.3,18.0
312,Kevin Huerter\huertke01,SG,20,ATL,75,59,2048,4.8,11.5,.419,2.4,6.2,.385,2.4,5.3,.457,0.7,1.0,.732,1.1,3.3,4.3,3.8,1.1,0.4,1.9,2.7,12.8
313,Isaac Humphries\humphis01,C,21,ATL,5,1,56,3.9,13.5,.286,1.9,7.1,.273,1.9,6.4,.300,0.0,0.0,,2.6,4.5,7.1,0.0,0.6,0.0,0.0,4.5,9.6
314,R.J. Hunter\hunterj01,SG,25,BOS,1,0,26,8.3,18.0,.462,5.5,13.8,.400,2.8,4.2,.667,1.4,2.8,.500,1.4,2.8,4.2,4.2,1.4,0.0,0.0,4.2,23.5
315,Chandler Hutchison\hutchch01,SF,22,CHI,44,14,895,3.9,8.4,.459,0.6,2.0,.280,3.3,6.4,.516,0.9,1.5,.605,1.2,6.2,7.4,1.4,0.9,0.2,1.0,2.4,9.2
316,Serge Ibaka\ibakase01,C,29,TOR,74,51,2010,8.3,15.7,.529,0.9,3.0,.290,7.4,12.7,.586,2.4,3.2,.763,2.8,8.0,10.8,1.8,0.5,1.8,2.0,3.8,19.9
317,Andre Iguodala\iguodan01,SF,35,GSW,68,13,1578,3.4,6.9,.500,1.1,3.3,.333,2.3,3.6,.652,0.9,1.5,.582,1.1,4.7,5.7,4.9,1.4,1.2,1.2,2.2,8.9
318,Ersan İlyasova\ilyaser01,PF,31,MIL,67,7,1231,4.9,11.1,.438,1.7,4.7,.363,3.2,6.5,.493,1.8,2.2,.824,2.7,6.1,8.8,1.5,0.9,0.6,1.4,5.0,13.2
319,Joe Ingles\inglejo01,PF,31,UTA,82,82,2568,5.0,11.2,.448,2.6,6.8,.391,2.4,4.5,.533,1.2,1.7,.707,0.5,4.1,4.6,6.6,1.4,0.3,2.7,2.5,13.9
320,Andre Ingram\ingraan01,SG,33,LAL,4,0,15,0.0,14.4,.000,0.0,7.2,.000,0.0,7.2,.000,0.0,0.0,,2.4,2.4,4.8,0.0,2.4,0.0,2.4,0.0,0.0
321,Brandon Ingram\ingrabr01,SF,21,LAL,52,52,1760,7.4,14.9,.497,0.6,1.9,.330,6.8,13.0,.521,4.0,5.9,.675,0.8,4.6,5.5,3.2,0.6,0.6,2.6,3.0,19.4
322,Kyrie Irving\irvinky01,PG,26,BOS,67,67,2214,9.8,20.2,.487,2.8,7.1,.401,7.0,13.1,.533,3.5,4.0,.873,1.2,4.3,5.4,7.5,1.7,0.6,2.8,2.7,26.0
323,Jonathan Isaac\isaacjo01,PF,21,ORL,75,64,1996,4.7,11.0,.429,1.6,4.8,.323,3.2,6.2,.510,2.0,2.4,.815,1.8,5.6,7.4,1.4,1.1,1.8,1.4,2.6,13.0
324,Wesley Iwundu\iwundwe01,SF,24,ORL,68,13,1233,3.3,8.0,.412,0.8,2.3,.367,2.5,5.7,.431,2.5,3.0,.816,1.1,4.3,5.4,2.1,0.8,0.6,1.3,3.6,9.9
325,Demetrius Jackson\jacksde01,PG,24,PHI,6,0,39,7.4,13.8,.533,1.8,5.5,.333,5.5,8.3,.667,3.7,3.7,1.000,1.8,0.9,2.8,4.6,1.8,0.0,0.9,3.7,20.3
326,Frank Jackson\jacksfr01,PG,20,NOP,61,16,1169,6.0,13.8,.434,1.6,5.2,.314,4.3,8.6,.507,1.7,2.2,.740,0.8,3.4,4.1,2.1,0.8,0.1,1.5,2.8,15.2
327,Jaren Jackson Jr.\jacksja02,PF,19,MEM,58,56,1515,7.1,14.0,.506,1.2,3.4,.359,5.9,10.6,.553,3.6,4.7,.766,1.7,4.7,6.5,1.5,1.2,1.9,2.3,5.2,19.0
328,Josh Jackson\jacksjo02,SG,21,PHO,79,29,1988,6.3,15.2,.413,1.3,4.1,.324,5.0,11.2,.445,2.6,3.9,.671,1.2,5.1,6.3,3.3,1.3,1.0,3.1,3.8,16.5
329,Justin Jackson\jacksju01,SF,23,TOT,81,14,1614,4.8,10.8,.447,1.9,5.5,.355,2.9,5.4,.542,1.4,1.8,.785,1.0,3.7,4.7,2.1,0.7,0.3,0.6,2.2,13.0
330,Justin Jackson\jacksju01,SF,23,SAC,52,3,1083,4.2,9.8,.424,1.8,5.3,.346,2.3,4.5,.515,1.4,1.7,.820,0.8,4.0,4.9,2.3,0.8,0.4,0.7,2.2,11.5
331,Justin Jackson\jacksju01,SF,23,DAL,29,11,531,6.2,12.9,.484,2.2,5.8,.372,4.1,7.1,.577,1.4,2.0,.724,1.3,3.2,4.5,1.9,0.6,0.1,0.5,2.2,16.1
332,Reggie Jackson\jacksre01,PG,28,DET,82,82,2289,6.9,16.5,.421,2.7,7.4,.369,4.2,9.1,.464,3.2,3.7,.864,0.7,2.7,3.4,5.4,0.9,0.1,2.3,3.3,19.8
333,LeBron James\jamesle01,SF,34,LAL,55,55,1937,10.4,20.4,.510,2.1,6.1,.339,8.3,14.3,.582,5.2,7.8,.665,1.1,7.6,8.6,8.4,1.3,0.6,3.7,1.7,28.0
334,Amile Jefferson\jeffeam01,PF,25,ORL,12,0,68,5.3,8.5,.625,0.0,0.0,,5.3,8.5,.625,3.7,4.2,.875,3.2,7.9,11.1,1.6,1.6,1.6,0.5,4.2,14.3
335,John Jenkins\jenkijo01,SG,27,TOT,26,0,333,4.5,11.4,.400,2.4,6.3,.379,2.2,5.1,.426,1.6,1.9,.833,0.6,3.4,4.0,2.4,0.0,0.2,1.0,1.1,13.1
336,John Jenkins\jenkijo01,SG,27,WAS,4,0,14,5.1,5.1,1.000,5.1,5.1,1.000,0.0,0.0,,0.0,0.0,,0.0,2.6,2.6,2.6,0.0,0.0,0.0,0.0,15.4
337,John Jenkins\jenkijo01,SG,27,NYK,22,0,319,4.5,11.6,.388,2.3,6.3,.357,2.3,5.3,.426,1.7,2.0,.833,0.7,3.4,4.1,2.4,0.0,0.2,1.0,1.1,13.0
338,Jonas Jerebko\jerebjo01,PF,31,GSW,73,6,1218,4.8,10.5,.459,2.0,5.6,.367,2.8,4.9,.563,1.9,2.4,.800,2.1,6.4,8.5,2.8,0.8,0.5,1.3,4.0,13.6
339,Alize Johnson\johnsal02,PF,22,IND,14,0,64,2.3,9.0,.250,0.6,1.1,.500,1.7,7.9,.214,2.3,4.5,.500,2.3,8.4,10.7,0.6,0.6,1.7,0.0,3.9,7.3
340,Amir Johnson\johnsam01,C,31,PHI,51,6,529,5.4,10.7,.503,0.8,2.7,.300,4.6,8.0,.573,2.1,2.8,.756,3.2,6.8,10.0,4.1,1.1,0.9,3.1,6.7,13.7
341,B.J. Johnson\johnsbj01,SF,23,TOT,7,0,49,6.6,13.2,.500,2.2,5.1,.429,4.4,8.1,.545,1.5,1.5,1.000,1.5,4.4,5.9,0.0,1.5,0.0,1.5,2.9,16.9
342,B.J. Johnson\johnsbj01,SF,23,ATL,6,0,43,6.7,13.4,.500,2.5,5.0,.500,4.2,8.4,.500,1.7,1.7,1.000,1.7,5.0,6.7,0.0,1.7,0.0,1.7,2.5,17.6
343,B.J. Johnson\johnsbj01,SF,23,SAC,1,0,6,6.0,12.0,.500,0.0,6.0,.000,6.0,6.0,1.000,0.0,0.0,,0.0,0.0,0.0,0.0,0.0,0.0,0.0,6.0,12.0
344,James Johnson\johnsja01,PF,31,MIA,55,33,1164,5.1,11.7,.433,1.5,4.6,.336,3.5,7.1,.496,1.5,2.2,.714,0.7,4.8,5.4,4.2,1.1,0.8,2.3,3.5,13.2
345,Stanley Johnson\johnsst04,SF,22,TOT,66,7,1208,5.1,13.1,.389,1.8,6.4,.288,3.2,6.7,.484,1.5,1.9,.781,1.0,5.5,6.5,2.6,1.8,0.4,2.4,3.4,13.5
346,Stanley Johnson\johnsst04,SF,22,DET,48,7,961,5.0,13.1,.381,1.9,6.8,.282,3.1,6.3,.488,1.5,1.9,.804,0.9,5.6,6.6,2.2,1.8,0.5,2.1,3.4,13.4
347,Stanley Johnson\johnsst04,SF,22,NOP,18,0,247,5.5,13.3,.418,1.6,5.0,.324,3.9,8.3,.474,1.3,1.9,.692,1.3,4.8,6.1,4.1,1.7,0.1,3.8,3.2,14.0
348,Tyler Johnson\johnsty01,PG,26,TOT,57,22,1529,5.1,12.4,.413,2.1,6.1,.346,3.0,6.3,.477,2.2,3.0,.748,0.8,3.3,4.1,3.9,1.3,0.6,1.8,2.3,14.6
349,Tyler Johnson\johnsty01,PG,26,MIA,44,10,1123,5.5,12.9,.426,2.3,6.5,.353,3.2,6.3,.503,2.0,2.8,.693,0.6,3.3,3.9,3.6,1.3,0.7,2.0,2.3,15.2
350,Tyler Johnson\johnsty01,PG,26,PHO,13,12,406,4.1,11.1,.368,1.6,5.0,.321,2.5,6.1,.406,3.0,3.5,.872,1.3,3.3,4.6,4.8,1.2,0.5,1.2,2.2,12.8
351,Wesley Johnson\johnswe01,SF,31,TOT,38,13,534,3.0,8.6,.352,1.7,5.1,.329,1.3,3.5,.385,0.9,1.3,.684,0.8,4.0,4.9,1.6,0.9,0.8,1.2,4.2,8.6
352,Wesley Johnson\johnswe01,SF,31,NOP,26,13,377,3.3,8.4,.398,1.8,4.8,.380,1.5,3.6,.421,0.6,0.9,.667,1.0,4.2,5.2,1.5,1.1,0.7,1.1,4.3,9.1
353,Wesley Johnson\johnswe01,SF,31,WAS,12,0,157,2.3,9.2,.250,1.4,6.0,.231,0.9,3.2,.286,1.6,2.3,.700,0.5,3.7,4.1,1.6,0.5,1.1,1.4,4.1,7.6
354,Nikola Jokić\jokicni01,C,23,DEN,80,80,2504,8.9,17.3,.511,1.2,3.9,.307,7.7,13.5,.569,4.2,5.1,.821,3.3,9.2,12.4,8.3,1.6,0.8,3.6,3.3,23.1
355,Damian Jones\jonesda03,C,23,GSW,24,22,410,4.7,6.5,.716,0.0,0.0,,4.7,6.5,.716,2.1,3.2,.649,2.7,3.9,6.6,2.5,1.1,2.2,1.4,5.5,11.4
356,Derrick Jones Jr.\jonesde02,SF,21,MIA,60,14,1153,5.0,10.1,.494,0.9,2.8,.308,4.1,7.3,.567,2.3,3.8,.607,3.0,4.5,7.5,1.2,1.4,1.3,1.3,3.8,13.2
357,Jalen Jones\jonesja04,SF,25,CLE,16,0,214,4.4,10.4,.419,1.7,4.7,.357,2.7,5.7,.471,3.2,4.5,.704,1.9,3.9,5.7,1.2,1.5,0.3,1.3,4.5,13.6
358,Jemerrio Jones\jonesje01,SF,23,LAL,6,2,143,3.0,8.3,.364,0.5,2.5,.200,2.5,5.8,.435,0.3,0.5,.500,4.0,8.3,12.3,3.3,1.8,1.3,1.3,2.5,6.8
359,Terrence Jones\joneste01,PF,27,HOU,2,0,5,7.2,28.8,.250,0.0,14.4,.000,7.2,14.4,.500,0.0,7.2,.000,0.0,28.8,28.8,0.0,0.0,0.0,7.2,7.2,14.4
360,Tyus Jones\jonesty01,PG,22,MIN,68,23,1560,4.3,10.3,.415,0.9,2.9,.317,3.3,7.4,.453,1.3,1.6,.841,0.5,2.6,3.1,7.5,1.9,0.1,1.1,1.8,10.8
361,DeAndre Jordan\jordade01,C,30,TOT,69,69,2047,5.0,7.8,.641,0.0,0.0,,5.0,7.8,.641,3.3,4.6,.705,4.0,11.9,15.9,2.7,0.7,1.3,2.7,2.9,13.3
362,DeAndre Jordan\jordade01,C,30,DAL,50,50,1554,4.8,7.5,.644,0.0,0.0,,4.8,7.5,.644,3.1,4.6,.682,3.7,12.2,15.9,2.3,0.8,1.2,2.6,2.9,12.8
363,DeAndre Jordan\jordade01,C,30,NYK,19,19,493,5.7,9.0,.634,0.0,0.0,,5.7,9.0,.634,3.7,4.8,.773,4.7,11.1,15.8,4.2,0.7,1.5,3.1,3.1,15.1
364,Cory Joseph\josepco01,PG,27,IND,82,9,2063,3.9,9.6,.412,1.0,3.0,.322,3.0,6.6,.454,0.5,0.8,.698,0.7,4.2,4.9,5.6,1.6,0.4,1.4,2.3,9.4
365,Frank Kaminsky\kaminfr01,C,25,CHO,47,0,755,6.6,14.2,.463,2.4,6.6,.360,4.2,7.6,.553,3.8,5.1,.738,1.9,5.9,7.8,3.0,0.6,0.6,2.0,3.2,19.3
366,Enes Kanter\kanteen01,C,26,TOT,67,31,1640,8.2,15.0,.549,0.2,0.7,.294,8.0,14.2,.562,3.4,4.3,.787,5.6,8.8,14.5,2.5,0.7,0.6,2.6,3.7,20.1
367,Enes Kanter\kanteen01,C,26,NYK,44,23,1128,8.0,14.9,.536,0.2,0.7,.318,7.8,14.2,.547,3.4,4.1,.814,5.5,9.3,14.7,2.7,0.6,0.5,2.5,3.4,19.6
368,Enes Kanter\kanteen01,C,26,POR,23,8,512,8.7,15.1,.577,0.2,0.8,.250,8.5,14.3,.596,3.5,4.8,.735,6.0,7.9,13.9,2.3,1.0,0.6,2.7,4.3,21.2
369,Luke Kennard\kennalu01,SG,22,DET,63,10,1437,5.7,13.0,.438,2.7,6.7,.394,3.1,6.3,.486,1.3,1.5,.836,0.3,4.3,4.6,2.9,0.7,0.3,1.4,2.3,15.4
370,Michael Kidd-Gilchrist\kiddgmi01,PF,25,CHO,64,3,1179,4.8,10.1,.476,0.5,1.4,.340,4.3,8.7,.498,2.9,3.8,.772,2.7,4.8,7.5,1.9,1.0,1.2,1.3,4.8,13.0
371,George King\kingge03,SF,25,PHO,1,0,6,0.0,0.0,,0.0,0.0,,0.0,0.0,,0.0,0.0,,0.0,6.0,6.0,0.0,0.0,0.0,0.0,0.0,0.0
372,Maxi Kleber\klebima01,PF,27,DAL,71,18,1502,4.2,9.3,.453,1.8,5.2,.353,2.3,4.0,.583,1.4,1.8,.784,2.2,5.7,7.9,1.7,0.9,1.9,1.3,3.4,11.6
373,Brandon Knight\knighbr03,PG,27,TOT,39,26,736,4.8,12.7,.381,2.0,6.3,.318,2.8,6.4,.443,1.3,1.7,.794,0.5,2.4,2.9,3.5,1.0,0.1,1.5,3.0,13.0
374,Brandon Knight\knighbr03,PG,27,HOU,12,0,118,3.4,14.3,.234,1.5,9.8,.156,1.8,4.6,.400,2.7,3.4,.818,0.3,2.4,2.7,2.7,0.6,0.0,1.5,4.3,11.0
375,Brandon Knight\knighbr03,PG,27,CLE,27,26,618,5.1,12.4,.413,2.1,5.7,.371,3.0,6.8,.448,1.0,1.3,.783,0.5,2.4,2.9,3.6,1.1,0.1,1.5,2.8,13.4
376,Kevin Knox\knoxke01,PF,19,NYK,75,57,2158,5.6,15.2,.370,2.1,6.1,.343,3.6,9.2,.387,2.7,3.8,.717,1.0,4.6,5.6,1.4,0.7,0.4,1.9,2.9,16.1
377,Furkan Korkmaz\korkmfu01,SG,21,PHI,48,7,679,5.2,13.0,.400,2.5,7.6,.326,2.7,5.4,.505,1.9,2.3,.818,0.8,4.8,5.7,2.8,1.5,0.1,1.3,3.3,14.8
378,Luke Kornet\kornelu01,PF,23,NYK,46,18,784,4.9,13.0,.378,3.2,8.9,.363,1.7,4.1,.411,1.7,2.1,.826,1.3,4.9,6.2,2.5,1.2,1.9,1.1,1.9,14.8
379,Kyle Korver\korveky01,SG-PF,37,TOT,70,0,1334,5.4,13.0,.416,3.7,9.4,.397,1.7,3.6,.467,1.6,2.0,.822,0.2,4.1,4.4,2.2,0.7,0.3,1.6,2.9,16.2
380,Kyle Korver\korveky01,PF,37,CLE,16,0,251,5.0,10.9,.461,3.6,7.7,.463,1.4,3.2,.455,1.9,2.3,.813,0.0,4.2,4.2,2.4,0.4,0.3,2.4,3.2,15.5
381,Kyle Korver\korveky01,SG,37,UTA,54,0,1083,5.5,13.5,.408,3.8,9.8,.384,1.8,3.8,.469,1.6,1.9,.825,0.3,4.1,4.4,2.1,0.7,0.3,1.4,2.8,16.4
382,Kosta Koufos\koufoko01,C,29,SAC,42,1,502,5.2,11.0,.477,0.0,0.0,,5.2,11.0,.477,0.7,1.7,.417,3.7,9.0,12.7,2.6,1.1,1.3,1.9,4.9,11.2
383,Rodions Kurucs\kurucro01,SF,20,BRK,63,46,1294,5.6,12.5,.450,1.6,5.1,.315,4.0,7.4,.543,2.0,2.6,.783,1.6,5.3,6.8,1.4,1.1,0.7,2.1,4.1,14.9
384,Kyle Kuzma\kuzmaky01,PF,23,LAL,70,68,2314,7.7,16.9,.456,2.0,6.6,.303,5.7,10.3,.553,2.9,3.9,.752,0.9,5.0,5.9,2.8,0.6,0.4,2.1,2.6,20.3
385,Skal Labissière\labissk01,PF,22,TOT,22,1,176,5.3,10.0,.531,1.2,2.7,.462,4.1,7.4,.556,1.8,3.5,.529,1.8,7.0,8.8,2.3,1.0,1.2,2.3,5.9,13.7
386,Skal Labissière\labissk01,PF,22,SAC,13,0,113,4.1,9.6,.433,1.3,3.5,.364,2.9,6.1,.474,1.9,3.5,.545,1.3,6.4,7.6,1.9,0.6,1.0,2.2,6.7,11.5
387,Skal Labissière\labissk01,PF,22,POR,9,1,63,7.4,10.9,.684,1.1,1.1,1.000,6.3,9.7,.647,1.7,3.4,.500,2.9,8.0,10.9,2.9,1.7,1.7,2.3,4.6,17.7
388,Jeremy Lamb\lambje01,SG,26,CHO,79,55,2250,6.9,15.7,.440,1.8,5.3,.348,5.1,10.4,.487,3.7,4.2,.888,1.0,5.9,6.9,2.8,1.4,0.5,1.3,2.2,19.3
389,Zach LaVine\lavinza01,SG,23,CHI,63,62,2171,8.8,18.8,.467,2.0,5.3,.374,6.8,13.5,.504,5.2,6.2,.832,0.7,4.2,4.9,4.7,1.0,0.4,3.6,2.3,24.7
390,Jake Layman\laymaja01,SF,24,POR,71,33,1327,5.9,11.5,.509,1.6,4.9,.326,4.3,6.6,.646,1.4,1.9,.704,1.5,4.4,5.9,1.4,0.8,0.8,1.2,3.1,14.7
391,T.J. Leaf\leaftj01,PF,21,IND,58,1,522,6.8,12.6,.541,0.6,2.1,.258,6.3,10.5,.599,1.3,2.1,.613,3.0,5.7,8.6,1.7,0.6,1.3,0.8,2.4,15.5
392,Courtney Lee\leeco01,SG,33,TOT,34,6,428,4.5,10.9,.411,1.3,4.6,.291,3.1,6.2,.500,1.2,1.8,.667,0.8,3.8,4.5,3.1,1.8,0.3,1.2,2.7,11.4
393,Courtney Lee\leeco01,SG,33,NYK,12,2,160,4.7,10.6,.447,1.1,3.6,.313,3.6,7.0,.516,2.0,3.2,.643,1.4,4.7,6.1,3.6,1.8,0.5,1.1,2.9,12.6
394,Courtney Lee\leeco01,SG,33,DAL,22,4,268,4.3,11.0,.390,1.5,5.2,.282,2.8,5.8,.488,0.7,0.9,.714,0.4,3.2,3.6,2.8,1.7,0.1,1.2,2.6,10.7
395,Damion Lee\leeda03,SG,26,GSW,32,0,375,5.4,12.2,.441,2.6,6.5,.397,2.8,5.7,.492,1.8,2.1,.864,0.8,5.4,6.1,1.2,1.2,0.0,1.1,2.7,15.2
396,Walt Lemon Jr.\lemonwa01,PG,26,CHI,6,3,167,8.2,18.8,.437,0.4,1.1,.400,7.8,17.7,.439,1.7,2.4,.727,0.9,5.0,5.8,6.5,2.4,0.2,2.2,3.0,18.5
397,Alex Len\lenal01,C,25,ATL,77,31,1544,7.5,15.1,.494,1.7,4.8,.363,5.7,10.4,.554,3.3,5.0,.648,3.7,6.2,9.9,2.0,0.6,1.6,2.3,4.7,19.9
398,Kawhi Leonard\leonaka01,SF,27,TOR,60,60,2040,9.9,19.9,.496,2.0,5.3,.371,7.9,14.6,.542,6.4,7.5,.854,1.4,6.4,7.7,3.5,1.9,0.4,2.1,1.5,28.2
399,Meyers Leonard\leoname01,C,26,POR,61,2,878,5.4,9.9,.545,2.1,4.6,.450,3.4,5.4,.626,1.8,2.1,.843,2.0,7.5,9.6,3.1,0.5,0.4,1.8,4.3,14.6
400,Jon Leuer\leuerjo01,PF,29,DET,41,1,402,5.9,10.1,.584,0.1,1.0,.091,5.8,9.1,.637,2.1,2.8,.742,2.4,6.3,8.7,1.3,1.1,0.4,2.1,5.4,14.0
401,Caris LeVert\leverca01,SF,24,BRK,40,25,1063,7.0,16.4,.429,1.6,5.2,.312,5.4,11.1,.483,2.9,4.2,.691,1.2,3.9,5.1,5.3,1.4,0.5,2.3,2.6,18.5
402,Damian Lillard\lillada01,PG,28,POR,80,80,2838,8.6,19.4,.444,3.0,8.2,.369,5.6,11.3,.499,5.9,6.5,.912,0.9,3.8,4.7,7.0,1.1,0.4,2.7,1.9,26.2
403,Jeremy Lin\linje01,PG,30,TOT,74,4,1436,6.0,13.6,.440,1.4,4.7,.294,4.6,8.9,.517,4.4,5.3,.838,0.6,3.9,4.5,5.8,1.2,0.3,3.1,3.6,17.7
404,Jeremy Lin\linje01,PG,30,ATL,51,1,1003,6.5,13.9,.466,1.6,4.7,.333,4.9,9.1,.535,5.1,6.0,.845,0.6,3.7,4.3,6.5,1.4,0.3,3.5,3.4,19.6
405,Jeremy Lin\linje01,PG,30,TOR,23,3,433,4.8,12.9,.374,0.9,4.6,.200,3.9,8.3,.470,2.8,3.5,.810,0.5,4.5,5.0,4.2,0.7,0.5,2.2,4.0,13.4
406,Shaun Livingston\livinsh01,PG,33,GSW,64,0,967,4.1,7.8,.519,0.0,0.1,.000,4.1,7.7,.524,1.5,1.9,.784,1.6,2.8,4.4,4.2,1.2,1.0,1.4,2.8,9.6
407,Zach Lofton\loftoza01,SG,26,DET,1,0,4,0.0,9.0,.000,0.0,9.0,.000,0.0,0.0,,0.0,0.0,,0.0,0.0,0.0,0.0,9.0,0.0,9.0,0.0,0.0
408,Kevon Looney\looneke01,C,22,GSW,80,24,1481,5.3,8.4,.625,0.0,0.2,.100,5.3,8.2,.641,1.6,2.6,.619,4.7,5.4,10.1,3.0,1.1,1.3,1.2,5.1,12.2
409,Brook Lopez\lopezbr01,C,30,MIL,81,81,2322,5.5,12.2,.452,2.9,7.9,.365,2.6,4.2,.613,1.7,2.1,.842,0.5,5.6,6.1,1.5,0.8,2.8,1.3,2.9,15.6
410,Robin Lopez\lopezro01,C,30,CHI,74,36,1606,6.8,12.0,.568,0.2,0.7,.226,6.7,11.3,.589,2.0,2.8,.724,3.1,3.3,6.4,2.0,0.2,1.7,2.2,2.8,15.8
411,Kevin Love\loveke01,PF,30,CLE,22,21,598,6.6,17.0,.385,3.2,8.8,.361,3.4,8.2,.412,6.2,6.9,.904,2.0,12.4,14.4,2.9,0.4,0.3,2.5,3.3,22.5
412,Kyle Lowry\lowryky01,PG,32,TOR,65,65,2213,4.9,12.0,.411,2.6,7.4,.347,2.4,4.7,.514,2.6,3.2,.830,0.7,4.4,5.1,9.2,1.5,0.5,3.0,2.7,15.1
413,Jordan Loyd\loydjo01,PG,25,TOR,12,0,55,5.2,11.8,.444,2.6,5.2,.500,2.6,6.5,.400,5.9,7.2,.818,0.7,5.2,5.9,3.9,0.0,0.0,1.3,3.3,19.0
414,Kalin Lucas\lucaska01,PG,29,DET,1,0,6,0.0,6.0,.000,0.0,6.0,.000,0.0,0.0,,12.0,12.0,1.000,0.0,18.0,18.0,6.0,0.0,0.0,0.0,6.0,12.0
415,Timothé Luwawu-Cabarrot\luwawti01,SF,23,TOT,50,7,669,4.4,11.7,.376,1.9,6.2,.310,2.5,5.5,.451,1.7,2.2,.756,0.6,4.6,5.2,1.4,1.0,0.4,1.1,3.9,12.4
416,Timothé Luwawu-Cabarrot\luwawti01,SF,23,OKC,21,1,123,3.8,12.6,.302,1.5,6.4,.227,2.3,6.1,.381,1.2,1.8,.667,1.2,4.1,5.3,1.2,1.2,0.3,1.5,4.1,10.2
417,Timothé Luwawu-Cabarrot\luwawti01,SF,23,CHI,29,6,546,4.5,11.5,.394,2.0,6.2,.330,2.5,5.3,.469,1.8,2.3,.771,0.5,4.7,5.2,1.5,1.0,0.5,1.1,3.9,12.9
418,Tyler Lydon\lydonty01,PF,22,DEN,25,0,94,3.4,6.9,.500,1.5,3.8,.400,1.9,3.1,.625,0.4,1.1,.333,2.7,4.2,6.9,2.3,0.8,0.0,1.5,3.8,8.8
419,Trey Lyles\lylestr01,PF,23,DEN,64,2,1120,6.7,15.9,.418,1.6,6.4,.255,5.0,9.5,.529,2.6,3.7,.698,1.4,6.5,7.9,2.8,1.0,0.7,2.2,3.0,17.6
420,Scott Machado\machasc01,PG,28,LAL,4,0,19,7.6,11.4,.667,1.9,1.9,1.000,5.7,9.5,.600,1.9,1.9,1.000,0.0,0.0,0.0,5.7,1.9,0.0,0.0,3.8,18.9
421,Shelvin Mack\macksh01,PG,28,TOT,57,3,1246,4.7,11.6,.404,1.3,3.8,.354,3.4,7.9,.429,1.7,2.4,.690,0.5,2.5,3.0,5.3,1.4,0.1,1.9,2.4,12.4
422,Shelvin Mack\macksh01,PG,28,MEM,53,3,1204,4.8,11.6,.414,1.4,3.8,.359,3.4,7.8,.441,1.6,2.2,.707,0.5,2.5,3.0,5.4,1.3,0.1,1.9,2.4,12.6
423,Shelvin Mack\macksh01,PG,28,CHO,4,0,42,1.7,12.0,.143,0.0,1.7,.000,1.7,10.3,.167,4.3,7.7,.556,0.0,1.7,1.7,0.9,1.7,0.0,3.4,2.6,7.7
424,Daryl Macon\maconda01,SG,23,DAL,8,0,90,4.0,10.8,.370,2.0,4.4,.455,2.0,6.4,.313,1.6,2.8,.571,0.8,4.0,4.8,2.8,0.4,0.0,2.4,3.2,11.6
425,J.P. Macura\macurjp01,SG,23,CHO,2,0,17,6.4,19.1,.333,0.0,8.5,.000,6.4,10.6,.600,0.0,0.0,,0.0,6.4,6.4,4.2,0.0,0.0,0.0,0.0,12.7
426,Ian Mahinmi\mahinia01,C,32,WAS,34,6,498,3.4,7.5,.452,0.2,1.2,.188,3.2,6.4,.500,3.0,4.4,.689,3.5,5.8,9.3,1.8,1.8,1.2,1.5,6.1,10.0
427,Thon Maker\makerth01,C-PF,21,TOT,64,5,972,4.0,9.9,.407,1.8,5.7,.320,2.2,4.3,.522,2.1,3.1,.667,1.5,6.0,7.5,1.7,0.8,1.9,1.2,3.9,12.0
428,Thon Maker\makerth01,C,21,MIL,35,0,409,5.2,11.8,.440,2.3,6.9,.333,2.9,4.9,.589,1.8,3.3,.541,1.5,7.0,8.4,1.6,0.9,1.6,0.8,4.8,14.4
429,Thon Maker\makerth01,PF,21,DET,29,5,563,3.2,8.6,.373,1.5,4.8,.307,1.7,3.8,.458,2.3,3.0,.766,1.5,5.2,6.8,1.7,0.7,2.1,1.5,3.2,10.2
430,Boban Marjanović\marjabo01,C,30,TOT,58,12,681,8.5,13.7,.615,0.2,0.5,.400,8.2,13.2,.624,5.2,6.9,.748,4.6,9.4,14.0,2.9,0.8,1.4,3.1,4.8,22.3
431,Boban Marjanović\marjabo01,C,30,LAC,36,9,376,8.1,13.4,.607,0.0,0.2,.000,8.1,13.2,.616,6.9,9.1,.758,5.3,9.3,14.6,2.1,1.1,1.6,3.5,5.5,23.2
432,Boban Marjanović\marjabo01,C,30,PHI,22,3,305,8.9,14.2,.625,0.5,0.9,.500,8.4,13.2,.634,3.1,4.2,.722,3.8,9.6,13.3,3.8,0.6,1.2,2.6,3.9,21.2
433,Lauri Markkanen\markkla01,PF,21,CHI,52,51,1682,7.3,17.0,.430,2.6,7.1,.361,4.8,9.9,.479,3.6,4.2,.872,1.6,8.5,10.1,1.6,0.8,0.7,1.8,2.6,20.8
434,Jarell Martin\martija01,PF,24,ORL,42,1,328,4.7,11.4,.413,2.2,6.3,.351,2.5,5.2,.489,1.0,1.2,.818,1.2,6.8,8.0,2.0,0.3,0.9,1.2,5.6,12.6
435,Frank Mason III\masonfr01,PG,24,SAC,38,0,435,5.9,14.0,.420,1.2,5.3,.219,4.7,8.7,.543,3.2,4.7,.684,0.5,3.1,3.6,7.0,1.3,0.3,3.0,2.8,16.1
436,Yante Maten\matenya01,PF,22,MIA,2,0,13,2.8,11.1,.250,0.0,2.8,.000,2.8,8.3,.333,0.0,0.0,,2.8,5.5,8.3,0.0,2.8,0.0,0.0,0.0,5.5
437,Wesley Matthews\matthwe02,SF-SG,32,TOT,69,68,2091,4.8,12.0,.400,2.6,6.9,.372,2.2,5.1,.437,2.3,2.8,.810,0.6,2.4,2.9,2.8,0.9,0.3,1.6,2.8,14.5
438,Wesley Matthews\matthwe02,SF,32,DAL,44,44,1312,5.3,12.9,.414,2.7,7.2,.380,2.6,5.7,.456,2.4,3.0,.791,0.5,2.3,2.8,2.7,0.9,0.3,1.6,2.8,15.8
439,Wesley Matthews\matthwe02,SG,32,NYK,2,1,54,2.7,12.7,.211,1.3,6.7,.200,1.3,6.0,.222,2.7,3.3,.800,0.7,1.3,2.0,3.3,0.7,0.7,1.3,1.3,9.3
440,Wesley Matthews\matthwe02,SG,32,IND,23,23,725,4.0,10.4,.386,2.4,6.5,.369,1.6,4.0,.413,2.0,2.4,.854,0.5,2.7,3.2,2.7,1.0,0.2,1.5,2.8,12.5
441,Luc Mbah a Moute\mbahalu01,PF,32,LAC,4,0,61,4.7,10.6,.444,1.2,3.5,.333,3.5,7.1,.500,1.2,3.0,.400,1.2,3.0,4.1,1.2,0.6,0.6,1.2,4.7,11.8
442,Tahjere McCall\mccalta01,SG,24,BRK,1,0,8,9.0,13.5,.667,0.0,4.5,.000,9.0,9.0,1.000,0.0,4.5,.000,0.0,4.5,4.5,0.0,0.0,0.0,0.0,9.0,18.0
443,Patrick McCaw\mccawpa01,SG,23,TOT,29,1,397,2.4,5.7,.413,0.8,2.5,.321,1.5,3.2,.486,1.2,1.4,.867,0.6,3.7,4.4,2.6,2.1,0.2,1.5,3.4,6.7
444,Patrick McCaw\mccawpa01,SG,23,CLE,3,0,53,1.4,6.1,.222,0.7,2.7,.250,0.7,3.4,.200,0.0,0.0,,0.0,2.0,2.0,1.4,1.4,0.0,2.0,0.7,3.4
445,Patrick McCaw\mccawpa01,SG,23,TOR,26,1,344,2.5,5.7,.444,0.8,2.5,.333,1.7,3.1,.533,1.4,1.6,.867,0.7,4.0,4.7,2.8,2.2,0.2,1.5,3.9,7.2
446,CJ McCollum\mccolcj01,SG,27,POR,70,70,2375,8.7,18.8,.459,2.5,6.7,.375,6.1,12.1,.506,2.4,2.9,.828,0.9,3.3,4.3,3.1,0.8,0.4,1.6,2.6,22.3
447,T.J. McConnell\mccontj01,PG,26,PHI,76,3,1470,5.4,10.3,.525,0.3,1.0,.333,5.0,9.2,.546,0.7,0.9,.784,0.7,3.6,4.3,6.3,1.9,0.4,2.2,2.6,11.8
448,Doug McDermott\mcderdo01,SF,27,IND,77,1,1340,5.6,11.3,.491,2.3,5.5,.408,3.3,5.8,.569,1.8,2.1,.835,0.5,2.5,2.9,1.8,0.5,0.2,1.1,2.8,15.2
449,JaVale McGee\mcgeeja01,C,31,LAL,75,62,1671,8.6,13.8,.624,0.0,0.3,.083,8.6,13.6,.634,2.1,3.3,.632,4.2,8.0,12.2,1.1,1.0,3.2,2.3,4.5,19.3
450,Rodney McGruder\mcgruro01,SG,27,MIA,66,45,1550,4.3,10.7,.403,1.8,5.2,.351,2.5,5.5,.453,1.2,1.7,.722,1.4,4.1,5.5,2.6,0.8,0.3,1.5,2.7,11.7
451,Alfonzo McKinnie\mckinal01,SF,26,GSW,72,5,1003,4.8,9.9,.487,1.5,4.2,.356,3.3,5.6,.586,1.0,1.7,.563,2.9,6.0,8.9,1.1,0.6,0.5,1.1,4.8,12.1
452,Ben McLemore\mclembe01,SG,25,SAC,19,0,158,5.7,14.6,.391,3.9,9.3,.415,1.8,5.2,.348,1.8,2.7,.667,0.7,3.2,3.9,0.9,1.4,0.7,1.1,5.0,17.1
453,Jordan McRae\mcraejo01,SG,27,WAS,27,0,333,6.6,14.1,.469,1.1,3.8,.286,5.5,10.3,.537,3.0,3.8,.800,0.6,3.7,4.3,3.2,1.4,0.8,1.6,2.8,17.3
454,Jodie Meeks\meeksjo01,SG,31,TOR,8,0,104,7.3,13.5,.538,2.8,6.2,.444,4.5,7.3,.619,0.3,0.3,1.000,0.3,3.8,4.2,2.8,0.3,0.3,0.7,1.7,17.7
455,Salah Mejri\mejrisa01,C,32,DAL,36,4,399,5.0,10.1,.491,1.0,3.1,.324,4.0,7.0,.564,1.8,2.9,.625,3.2,8.6,11.8,3.2,0.9,2.3,1.9,5.0,12.7
456,De'Anthony Melton\meltode01,PG,20,PHO,50,31,984,3.7,9.4,.391,1.1,3.5,.305,2.6,5.9,.441,0.8,1.0,.750,0.9,4.0,4.9,5.8,2.5,0.8,2.7,4.1,9.1
457,Chimezie Metu\metuch01,PF,21,SAS,29,0,145,4.7,14.4,.328,0.0,0.5,.000,4.7,13.9,.339,3.2,4.2,.765,2.2,6.7,8.9,3.2,1.5,0.5,3.7,3.5,12.7
458,Khris Middleton\middlkh01,SF,27,MIL,77,77,2393,7.6,17.3,.441,2.7,7.1,.378,4.9,10.1,.485,3.2,3.9,.837,0.8,6.2,6.9,5.0,1.2,0.1,2.6,2.6,21.2
459,C.J. Miles\milescj01,SF,31,TOT,53,1,856,4.7,13.1,.360,2.8,8.5,.330,1.9,4.5,.417,2.0,2.4,.828,0.5,3.4,4.0,1.5,1.1,0.6,1.3,3.3,14.3
460,C.J. Miles\milescj01,SF,31,TOR,40,1,562,4.5,13.2,.340,2.8,8.8,.314,1.7,4.4,.391,2.2,2.8,.795,0.8,3.6,4.4,1.4,1.2,0.6,1.3,4.0,14.0
461,C.J. Miles\milescj01,SF,31,MEM,13,0,294,5.1,12.9,.400,2.9,8.1,.364,2.2,4.8,.462,1.6,1.7,.929,0.1,3.2,3.3,1.7,1.0,0.6,1.1,2.1,14.8
462,Darius Miller\milleda01,SF,28,NOP,69,15,1757,3.9,9.9,.390,2.7,7.5,.365,1.1,2.5,.467,1.1,1.5,.789,0.3,2.3,2.6,3.0,0.8,0.5,1.2,3.4,11.6
463,Malcolm Miller\millema01,SF,25,TOR,10,0,67,5.9,14.0,.423,5.4,11.3,.476,0.5,2.7,.200,1.6,2.1,.750,0.5,2.1,2.7,0.5,0.5,0.5,0.5,2.7,18.8
464,Patty Mills\millspa02,PG,30,SAS,82,1,1908,5.3,12.5,.425,3.0,7.6,.394,2.3,4.9,.475,1.7,1.9,.854,0.5,3.0,3.4,4.6,0.9,0.2,1.8,2.4,15.3
465,Paul Millsap\millspa01,PF,33,DEN,70,65,1895,6.1,12.6,.484,1.1,3.0,.365,5.0,9.6,.522,3.4,4.7,.727,2.9,6.7,9.6,2.7,1.6,1.0,1.8,3.5,16.8
466,Shake Milton\miltosh01,SG,22,PHI,20,0,268,4.6,11.7,.391,1.9,5.9,.318,2.7,5.8,.465,0.7,0.9,.714,1.2,3.5,4.7,2.4,1.1,1.1,0.8,3.9,11.7
467,Nikola Mirotić\mirotni01,PF,27,TOT,46,25,1245,6.9,15.7,.439,3.4,9.2,.365,3.5,6.5,.545,3.0,3.6,.847,1.7,8.1,9.8,1.6,0.9,1.0,1.4,3.1,20.2
468,Nikola Mirotić\mirotni01,PF,27,NOP,32,22,925,7.1,15.8,.447,3.3,9.0,.368,3.8,6.8,.551,3.3,3.9,.842,1.8,8.5,10.3,1.4,0.8,1.0,1.4,3.3,20.8
469,Nikola Mirotić\mirotni01,PF,27,MIL,14,3,320,6.3,15.2,.415,3.5,9.8,.356,2.8,5.4,.521,2.3,2.6,.870,1.6,6.9,8.4,2.3,1.1,1.0,1.2,2.4,18.3
470,Donovan Mitchell\mitchdo01,SG,22,UTA,77,77,2598,9.2,21.2,.432,2.6,7.2,.362,6.6,14.0,.468,4.4,5.5,.806,0.8,3.6,4.4,4.5,1.5,0.4,3.0,2.9,25.3
471,Naz Mitrou-Long\mitrona01,SG,25,UTA,14,0,84,2.6,8.6,.300,0.9,4.7,.182,1.7,3.9,.444,0.9,0.9,1.000,0.4,2.1,2.6,6.4,0.4,0.4,3.4,4.3,6.9
472,Malik Monk\monkma01,SG,20,CHO,73,0,1258,6.5,16.8,.387,3.1,9.4,.330,3.4,7.3,.461,2.6,2.9,.882,0.5,3.5,3.9,3.3,1.1,0.5,2.5,3.0,18.7
473,Greg Monroe\monrogr01,C,28,TOT,43,2,480,6.9,14.2,.487,0.1,0.4,.200,6.8,13.8,.495,3.4,5.4,.625,5.0,7.9,12.9,1.8,1.0,0.6,2.4,5.0,17.2
474,Greg Monroe\monrogr01,C,28,TOR,38,2,423,6.3,13.7,.460,0.0,0.3,.000,6.3,13.4,.471,3.0,5.2,.574,5.1,8.2,13.3,1.4,1.1,0.7,2.6,5.2,15.6
475,Greg Monroe\monrogr01,C,28,BOS,2,0,5,21.6,36.0,.600,0.0,0.0,,21.6,36.0,.600,0.0,0.0,,21.6,0.0,21.6,7.2,0.0,0.0,0.0,0.0,43.2
476,Greg Monroe\monrogr01,C,28,PHI,3,0,52,10.4,15.9,.652,0.7,0.7,1.000,9.7,15.2,.636,6.9,7.6,.909,2.8,6.2,9.0,4.8,0.7,0.0,0.7,3.5,28.4
477,E'Twaun Moore\mooreet01,SG,29,NOP,53,36,1463,6.3,13.1,.481,1.9,4.3,.432,4.4,8.8,.506,1.1,1.5,.763,0.9,2.3,3.1,2.5,1.0,0.2,1.5,2.8,15.6
478,Eric Moreland\moreler01,PF,27,TOT,5,0,43,2.5,5.9,.429,0.8,0.8,1.000,1.7,5.0,.333,0.0,0.0,,3.3,13.4,16.7,3.3,0.8,0.8,4.2,7.5,5.9
479,Eric Moreland\moreler01,PF,27,PHO,1,0,5,0.0,0.0,,0.0,0.0,,0.0,0.0,,0.0,0.0,,0.0,21.6,21.6,0.0,0.0,0.0,0.0,7.2,0.0
480,Eric Moreland\moreler01,PF,27,TOR,4,0,38,2.8,6.6,.429,0.9,0.9,1.000,1.9,5.7,.333,0.0,0.0,,3.8,12.3,16.1,3.8,0.9,0.9,4.7,7.6,6.6
481,Jaylen Morris\morrija01,SG,23,MIL,4,0,29,5.0,12.4,.400,1.2,3.7,.333,3.7,8.7,.429,1.2,2.5,.500,0.0,6.2,6.2,5.0,2.5,0.0,1.2,1.2,12.4
482,Marcus Morris\morrima03,PF,29,BOS,75,53,2091,6.5,14.5,.447,2.5,6.7,.375,4.0,7.8,.508,2.5,3.0,.844,1.3,6.6,7.9,1.9,0.7,0.4,1.6,3.1,18.0
483,Markieff Morris\morrima02,PF,29,TOT,58,16,1270,5.8,13.7,.421,1.9,5.8,.335,3.9,8.0,.484,2.0,2.6,.772,1.7,5.8,7.5,2.2,1.0,0.6,1.5,5.0,15.5
484,Markieff Morris\morrima02,PF,29,WAS,34,15,883,5.8,13.4,.436,2.0,5.9,.333,3.9,7.5,.516,2.3,3.0,.781,1.7,5.4,7.1,2.4,1.0,0.8,1.9,4.8,15.9
485,Markieff Morris\morrima02,PF,29,OKC,24,1,387,5.7,14.5,.391,1.9,5.5,.339,3.8,9.0,.423,1.3,1.8,.737,1.9,6.6,8.5,1.8,1.0,0.2,0.7,5.4,14.5
486,Monte Morris\morrimo01,PG,23,DEN,82,6,1970,6.3,12.8,.493,1.7,4.1,.414,4.6,8.7,.531,1.2,1.5,.802,0.6,2.9,3.5,5.4,1.3,0.1,1.0,1.9,15.6
487,Donatas Motiejūnas\motiedo01,PF,28,SAS,3,0,13,8.3,16.6,.500,0.0,0.0,,8.3,16.6,.500,0.0,5.5,.000,5.5,2.8,8.3,2.8,0.0,2.8,8.3,16.6,16.6
488,Johnathan Motley\motlejo01,PF,23,LAC,22,0,156,9.0,16.8,.534,0.0,0.7,.000,9.0,16.2,.557,5.5,9.2,.600,4.2,7.6,11.8,2.5,1.2,0.7,3.7,6.2,23.5
489,Emmanuel Mudiay\mudiaem01,PG,22,NYK,59,42,1607,7.4,16.6,.446,1.5,4.7,.329,5.8,11.9,.492,3.2,4.2,.774,0.7,3.7,4.4,5.1,1.0,0.4,3.1,2.3,19.6
490,Jamal Murray\murraja01,PG,21,DEN,75,74,2447,7.5,17.3,.437,2.2,6.1,.367,5.3,11.2,.476,2.8,3.3,.848,1.0,3.7,4.7,5.3,1.0,0.4,2.3,2.3,20.1
491,Džanan Musa\musadz01,SG,19,BRK,9,0,39,8.3,20.3,.409,0.9,9.2,.100,7.4,11.1,.667,0.0,1.8,.000,0.9,3.7,4.6,1.8,1.8,0.0,3.7,0.9,17.5
492,Mike Muscala\muscami01,PF,27,TOT,64,10,1306,4.0,10.0,.402,2.5,7.1,.348,1.5,2.9,.533,1.9,2.3,.824,1.6,5.2,6.7,2.1,0.6,1.0,1.3,3.6,12.4
493,Mike Muscala\muscami01,PF,27,PHI,47,6,1041,3.8,9.6,.392,2.4,6.9,.342,1.4,2.7,.519,2.2,2.7,.818,1.8,5.2,6.9,2.1,0.6,0.9,1.5,3.9,12.1
494,Mike Muscala\muscami01,PF,27,LAL,17,4,265,4.9,11.3,.434,2.9,7.7,.368,2.0,3.5,.577,1.0,1.1,.875,0.8,5.2,6.0,1.9,0.5,1.5,0.7,2.4,13.6
495,Sviatoslav Mykhailiuk\mykhasv01,SF,21,TOT,42,0,440,3.8,11.5,.329,2.4,7.3,.326,1.4,4.2,.333,1.0,1.6,.600,0.7,2.2,2.9,3.0,1.1,0.1,1.7,2.0,10.9
496,Sviatoslav Mykhailiuk\mykhasv01,SF,21,LAL,39,0,420,3.8,11.3,.333,2.3,7.3,.318,1.5,4.0,.362,1.0,1.7,.600,0.7,2.2,2.9,2.8,1.1,0.1,1.7,2.1,10.9
497,Sviatoslav Mykhailiuk\mykhasv01,SF,21,DET,3,0,20,3.6,14.4,.250,3.6,7.2,.500,0.0,7.2,.000,0.0,0.0,,1.8,1.8,3.6,7.2,1.8,0.0,1.8,0.0,10.8
498,Abdel Nader\naderab01,SF,25,OKC,61,1,694,4.7,11.2,.423,1.7,5.2,.320,3.1,6.0,.513,1.4,1.9,.750,0.7,5.3,6.0,1.0,1.0,0.6,1.3,3.5,12.5
499,Larry Nance Jr.\nancela02,C,26,CLE,67,30,1795,5.0,9.6,.520,0.7,2.0,.337,4.3,7.6,.567,1.9,2.7,.716,3.4,7.7,11.1,4.3,2.0,0.8,1.9,3.9,12.6
500,Shabazz Napier\napiesh01,PG,27,BRK,56,2,983,6.2,15.9,.389,2.8,8.3,.333,3.4,7.6,.449,4.2,5.1,.833,0.7,3.0,3.7,5.2,1.5,0.6,2.4,2.5,19.4
501,Raul Neto\netora01,PG,26,UTA,37,1,474,5.6,12.2,.460,1.5,4.6,.333,4.1,7.7,.535,2.1,2.5,.848,0.5,4.3,4.7,7.1,1.1,0.3,2.7,3.7,14.9
502,Georges Niang\niangge01,PF,25,UTA,59,0,516,6.0,12.6,.475,3.0,7.3,.410,3.0,5.3,.566,1.4,1.7,.833,0.8,5.3,6.1,2.4,0.7,0.4,1.6,4.0,16.4
503,Joakim Noah\noahjo01,C,33,MEM,42,1,693,5.7,11.1,.516,0.0,0.1,.000,5.7,11.0,.519,4.1,5.7,.716,3.0,9.4,12.4,4.6,1.0,1.6,2.6,5.0,15.5
504,Nerlens Noel\noelne01,C,24,OKC,77,2,1055,5.5,9.4,.587,0.0,0.0,,5.5,9.4,.587,1.8,2.7,.684,4.3,6.8,11.1,1.5,2.3,3.3,1.6,5.7,12.9
505,Dirk Nowitzki\nowitdi01,PF,40,DAL,51,20,795,6.1,17.0,.359,2.9,9.3,.312,3.2,7.7,.415,1.8,2.3,.780,0.2,6.9,7.2,1.6,0.4,0.8,0.8,3.4,16.9
506,Frank Ntilikina\ntilila01,PG,20,NYK,43,16,904,3.8,11.2,.337,1.3,4.6,.287,2.5,6.7,.371,0.9,1.2,.767,0.5,3.0,3.5,4.8,1.2,0.6,2.2,4.1,9.8
507,James Nunnally\nunnaja01,SF,28,TOT,15,0,102,4.2,12.0,.353,2.8,8.8,.320,1.4,3.2,.444,1.4,1.4,1.000,0.0,1.8,1.8,2.5,0.4,0.0,0.4,3.5,12.7
508,James Nunnally\nunnaja01,SF,28,MIN,13,0,64,5.1,11.8,.429,2.8,7.3,.385,2.3,4.5,.500,2.3,2.3,1.000,0.0,2.3,2.3,2.8,0.6,0.0,0.6,2.3,15.2
509,James Nunnally\nunnaja01,SF,28,HOU,2,0,38,2.8,12.3,.231,2.8,11.4,.250,0.0,0.9,.000,0.0,0.0,,0.0,0.9,0.9,1.9,0.0,0.0,0.0,5.7,8.5
510,Jusuf Nurkić\nurkiju01,C,24,POR,72,72,1974,7.7,15.1,.508,0.1,0.5,.103,7.6,14.5,.523,5.1,6.7,.773,4.4,9.2,13.6,4.2,1.3,1.9,3.1,4.6,20.5
511,David Nwaba\nwabada01,SG,26,CLE,51,14,984,4.6,9.6,.481,0.9,2.7,.320,3.7,6.8,.545,2.1,3.1,.682,1.5,4.5,6.0,2.0,1.3,0.6,1.1,3.9,12.2
512,Royce O'Neale\onealro01,SF,25,UTA,82,16,1671,3.5,7.4,.475,1.5,3.8,.386,2.0,3.6,.569,0.7,0.9,.762,0.5,5.7,6.1,2.7,1.2,0.5,1.5,3.7,9.2
513,Kyle O'Quinn\oquinky01,C,28,IND,45,3,371,6.7,13.2,.507,0.1,1.2,.083,6.6,12.0,.548,1.6,2.0,.810,2.8,8.7,11.5,5.4,0.9,2.4,3.0,6.6,15.1
514,Semi Ojeleye\ojelese01,PF,24,BOS,56,3,594,4.1,9.6,.424,1.7,5.4,.315,2.4,4.2,.565,1.5,2.4,.615,1.5,3.8,5.2,1.4,0.6,0.2,1.2,2.6,11.3
515,Jahlil Okafor\okafoja01,C,23,NOP,59,24,935,8.2,13.9,.586,0.0,0.2,.200,8.1,13.7,.591,2.3,3.4,.663,3.2,7.5,10.7,1.5,0.6,1.5,2.0,3.7,18.6
516,Elie Okobo\okoboel01,PG,21,PHO,53,16,958,4.3,10.9,.393,1.5,5.0,.295,2.8,5.9,.475,1.4,1.8,.787,0.5,3.2,3.7,4.8,1.2,0.3,2.6,4.1,11.4
517,Josh Okogie\okogijo01,SG,20,MIN,74,52,1757,4.0,10.4,.386,1.2,4.4,.279,2.8,6.0,.464,2.4,3.3,.728,0.8,3.6,4.5,1.9,1.8,0.7,1.3,3.4,11.7
518,Victor Oladipo\oladivi01,SG,26,IND,36,36,1147,7.8,18.5,.423,2.3,6.8,.343,5.5,11.7,.470,3.2,4.4,.730,0.7,5.7,6.3,5.8,1.9,0.3,2.6,2.3,21.2
519,Kelly Olynyk\olynyke01,PF,27,MIA,79,36,1812,5.2,11.2,.463,2.2,6.3,.354,2.9,4.9,.604,3.0,3.7,.822,1.4,6.0,7.5,2.8,1.1,0.7,2.3,3.6,15.6
520,Cedi Osman\osmande01,SF,23,CLE,76,75,2444,5.3,12.4,.427,1.9,5.5,.348,3.4,6.9,.489,2.1,2.7,.779,0.7,4.6,5.3,2.9,0.9,0.2,1.7,2.9,14.6
521,Kelly Oubre Jr.\oubreke01,SF,23,TOT,69,19,1935,7.0,15.7,.445,2.0,6.3,.320,5.0,9.4,.530,3.5,4.5,.775,1.3,4.7,6.0,1.6,1.6,1.1,1.9,3.4,19.5
522,Kelly Oubre Jr.\oubreke01,SF,23,WAS,29,7,755,6.3,14.5,.433,2.0,6.3,.311,4.3,8.2,.526,3.2,4.1,.800,1.1,5.0,6.2,1.0,1.3,1.0,1.4,3.4,17.8
523,Kelly Oubre Jr.\oubreke01,SF,23,PHO,40,12,1180,7.4,16.4,.453,2.0,6.3,.325,5.4,10.1,.532,3.7,4.9,.761,1.4,4.5,6.0,2.0,1.7,1.2,2.2,3.4,20.6
524,Zaza Pachulia\pachuza01,C,34,DET,68,3,878,3.5,7.9,.440,0.0,0.2,.000,3.5,7.7,.450,4.0,5.1,.782,4.1,6.8,10.9,3.7,1.3,0.7,2.3,6.2,10.9
525,Jabari Parker\parkeja01,PF,23,TOT,64,17,1724,7.7,15.6,.493,1.3,4.1,.313,6.4,11.6,.556,2.7,3.8,.712,1.6,7.1,8.8,3.2,1.0,0.6,3.2,3.0,19.4
526,Jabari Parker\parkeja01,PF,23,CHI,39,17,1042,7.6,16.0,.474,1.3,3.9,.325,6.3,12.1,.523,2.7,3.7,.731,1.4,6.9,8.3,2.9,0.8,0.5,2.9,3.0,19.2
527,Jabari Parker\parkeja01,PF,23,WAS,25,0,682,7.9,15.0,.523,1.3,4.3,.296,6.6,10.8,.613,2.7,4.0,.684,2.0,7.5,9.5,3.6,1.2,0.8,3.5,3.1,19.7
528,Tony Parker\parketo01,PG,36,CHO,56,0,1003,7.6,16.6,.460,0.5,1.8,.255,7.2,14.8,.485,3.3,4.5,.734,0.5,2.5,3.0,7.4,0.8,0.3,2.7,1.9,19.0
529,Chandler Parsons\parsoch01,SF,30,MEM,25,3,496,4.9,13.2,.374,2.1,6.8,.309,2.8,6.4,.443,1.6,1.8,.880,0.3,4.8,5.1,3.1,1.4,0.4,2.3,3.3,13.6
530,Patrick Patterson\pattepa01,PF,29,OKC,63,5,861,3.4,9.2,.374,1.9,5.7,.336,1.5,3.4,.439,0.8,1.3,.633,1.8,4.4,6.1,1.3,0.7,0.5,0.9,1.9,9.6
531,Justin Patton\pattoju01,C,21,PHI,3,0,21,3.4,12.0,.286,0.0,3.4,.000,3.4,8.6,.400,1.7,3.4,.500,3.4,6.9,10.3,5.1,3.4,0.0,0.0,8.6,8.6
532,Chris Paul\paulch01,PG,33,HOU,58,58,1857,5.9,14.0,.419,2.5,6.9,.358,3.4,7.1,.479,3.4,3.9,.862,0.7,4.4,5.1,9.2,2.2,0.3,2.9,2.8,17.6
533,Cameron Payne\payneca01,PG,24,TOT,40,13,712,4.9,11.3,.430,1.3,4.2,.298,3.6,7.0,.511,1.7,2.1,.805,0.7,3.0,3.6,5.4,1.4,0.5,2.3,3.2,12.6
534,Cameron Payne\payneca01,PG,24,CHI,31,12,536,4.6,11.3,.411,1.1,4.0,.271,3.6,7.3,.486,1.5,1.7,.880,0.7,2.9,3.6,5.6,1.3,0.4,2.3,3.3,11.8
535,Cameron Payne\payneca01,PG,24,CLE,9,1,176,5.5,11.3,.491,1.8,5.1,.360,3.7,6.1,.600,2.3,3.3,.688,0.6,3.3,3.9,4.7,1.6,0.6,2.3,3.1,15.1
536,Elfrid Payton\paytoel01,PG,24,NOP,42,42,1250,5.2,11.9,.434,1.0,3.0,.314,4.2,8.8,.476,1.6,2.1,.743,1.4,4.9,6.3,9.2,1.3,0.5,3.2,2.3,12.8
537,Gary Payton II\paytoga02,PG,26,WAS,3,0,16,11.3,18.0,.625,2.3,4.5,.500,9.0,13.5,.667,0.0,0.0,,2.3,2.3,4.5,9.0,6.8,2.3,2.3,4.5,24.8
538,Theo Pinson\pinsoth01,SG,23,BRK,18,0,211,4.3,12.5,.342,2.0,7.8,.261,2.2,4.6,.481,3.2,3.8,.864,0.7,5.5,6.1,3.6,1.0,0.0,3.1,2.6,13.8
539,Mason Plumlee\plumlma01,C,28,DEN,82,17,1731,5.4,9.2,.593,0.0,0.2,.200,5.4,9.0,.602,2.3,4.1,.561,3.4,7.5,10.9,5.1,1.4,1.6,2.6,5.2,13.2
540,Miles Plumlee\plumlmi01,C,30,ATL,18,0,173,6.7,10.0,.667,0.0,0.0,,6.7,10.0,.667,3.3,6.2,.533,3.3,4.8,8.1,3.5,1.2,0.8,2.1,2.9,16.6
541,Jakob Poeltl\poeltja01,C,23,SAS,77,24,1273,5.3,8.2,.645,0.0,0.0,,5.3,8.2,.645,1.4,2.6,.533,5.0,6.6,11.6,2.6,0.8,1.9,1.4,3.5,12.0
542,Quincy Pondexter\pondequ01,SF,30,SAS,53,0,292,3.6,7.2,.500,0.7,2.2,.333,2.8,4.9,.575,4.2,5.2,.810,1.0,4.7,5.7,3.0,1.4,0.1,1.6,3.0,12.1
543,Otto Porter\porteot01,SF,25,TOT,56,43,1683,6.4,13.8,.465,2.2,5.5,.406,4.2,8.3,.504,1.7,2.1,.813,1.2,5.6,6.7,2.6,1.8,0.7,1.4,2.3,16.7
544,Otto Porter\porteot01,SF,25,WAS,41,28,1191,6.1,13.4,.457,2.0,5.3,.369,4.1,8.0,.515,1.5,1.9,.766,1.2,5.8,7.0,2.4,1.9,0.7,1.2,2.4,15.7
545,Otto Porter\porteot01,SF,25,CHI,15,15,492,7.1,14.7,.483,2.9,5.9,.488,4.2,8.9,.479,2.1,2.3,.906,1.0,5.0,6.1,2.9,1.3,0.7,1.8,2.1,19.2
546,Bobby Portis\portibo01,PF,23,TOT,50,28,1299,7.7,17.4,.444,2.1,5.3,.393,5.7,12.1,.467,2.1,2.7,.794,3.0,8.1,11.2,2.0,1.0,0.6,2.1,4.0,19.7
547,Bobby Portis\portibo01,PF,23,CHI,22,6,531,8.3,18.4,.450,1.8,4.9,.375,6.4,13.5,.477,2.6,3.4,.780,3.1,7.8,10.9,2.0,0.7,0.5,2.0,4.1,21.0
548,Bobby Portis\portibo01,PF,23,WAS,28,22,768,7.4,16.7,.440,2.3,5.6,.403,5.1,11.2,.458,1.8,2.2,.809,3.0,8.4,11.3,2.0,1.1,0.6,2.1,3.9,18.7
549,Dwight Powell\poweldw01,C,27,DAL,77,22,1662,6.3,10.5,.597,0.8,2.8,.307,5.4,7.8,.699,4.2,5.5,.772,3.0,5.9,8.9,2.4,1.0,1.1,1.5,4.4,17.7
550,Norman Powell\powelno01,SG,25,TOR,60,3,1126,6.2,12.8,.483,2.2,5.4,.400,4.0,7.4,.543,2.0,2.4,.827,0.5,3.9,4.4,2.9,1.2,0.4,2.1,3.1,16.5
551,Alex Poythress\poythal01,PF,25,ATL,21,1,305,4.7,9.6,.494,1.1,2.7,.391,3.7,6.8,.534,2.1,3.4,.621,3.4,5.5,9.0,2.0,0.5,1.2,1.5,5.5,12.6
552,Taurean Prince\princta02,SF,24,ATL,55,47,1552,6.1,13.8,.441,2.9,7.3,.390,3.2,6.5,.498,2.2,2.7,.819,0.5,4.1,4.6,2.7,1.2,0.4,2.3,3.3,17.2
553,Zhou Qi\qizh01,PF,23,HOU,1,0,1,36.0,36.0,1.000,0.0,0.0,,36.0,36.0,1.000,0.0,0.0,,0.0,0.0,0.0,0.0,0.0,0.0,0.0,0.0,72.0
554,Ivan Rabb\rabbiv01,PF,21,MEM,49,13,721,5.8,10.6,.547,0.1,0.7,.200,5.6,9.8,.574,2.4,3.4,.710,3.5,6.8,10.3,2.7,0.8,0.7,1.7,4.5,14.2
555,Chasson Randle\randlch01,PG,25,WAS,49,2,743,4.4,10.5,.419,2.2,5.6,.400,2.2,4.9,.441,2.1,3.0,.694,0.5,2.2,2.7,4.7,1.2,0.1,2.1,4.4,13.1
556,Julius Randle\randlju01,PF,24,NOP,73,49,2232,9.2,17.6,.524,1.1,3.1,.344,8.1,14.4,.564,5.7,7.9,.731,2.6,7.6,10.2,3.7,0.8,0.7,3.4,4.0,25.2
557,J.J. Redick\redicjj01,SG,34,PHI,76,63,2379,6.8,15.5,.440,3.6,9.2,.397,3.2,6.4,.502,3.5,3.9,.894,0.3,2.5,2.8,3.1,0.5,0.3,1.5,2.0,20.8
558,Davon Reed\reedda01,SG,23,IND,10,0,47,3.8,9.2,.417,1.5,3.1,.500,2.3,6.1,.375,0.0,0.0,,1.5,3.1,4.6,2.3,0.8,0.0,0.8,2.3,9.2
559,Cameron Reynolds\reynoca01,SG,23,MIN,19,0,259,4.6,10.8,.423,2.9,7.1,.412,1.7,3.8,.444,1.1,1.3,.889,0.6,3.8,4.3,1.8,0.8,0.3,0.7,3.6,13.2
560,Josh Richardson\richajo01,SG,25,MIA,73,73,2539,6.0,14.5,.412,2.3,6.5,.357,3.7,8.0,.458,2.8,3.3,.861,0.8,3.0,3.7,4.2,1.1,0.5,1.6,2.8,17.1
561,Malachi Richardson\richama01,SG,23,TOR,22,0,103,3.1,10.1,.310,2.8,8.7,.320,0.3,1.4,.250,1.4,1.7,.800,0.7,3.8,4.5,0.0,0.3,0.0,2.8,4.5,10.5
562,Austin Rivers\riverau01,SG,26,TOT,76,15,2028,4.1,10.2,.406,1.8,5.8,.318,2.3,4.3,.522,0.9,1.7,.526,0.4,2.4,2.9,3.0,0.8,0.4,1.2,3.7,11.0
563,Austin Rivers\riverau01,SG,26,WAS,29,2,683,4.0,10.2,.392,1.7,5.6,.311,2.3,4.6,.489,1.3,2.4,.543,0.5,3.2,3.7,3.1,0.9,0.5,1.9,3.8,11.1
564,Austin Rivers\riverau01,SG,26,HOU,47,13,1345,4.2,10.1,.413,1.9,5.9,.321,2.3,4.2,.541,0.7,1.3,.510,0.4,2.0,2.4,2.9,0.8,0.3,0.9,3.6,10.9
565,Devin Robinson\robinde01,SF,23,WAS,7,0,95,7.2,12.1,.594,0.0,0.8,.000,7.2,11.4,.633,3.4,5.3,.643,2.3,5.3,7.6,2.3,1.5,2.3,0.8,4.2,17.8
566,Duncan Robinson\robindu01,SF,24,MIA,15,1,161,4.0,10.3,.391,2.2,7.8,.286,1.8,2.5,.727,0.9,1.3,.667,0.4,3.8,4.2,1.1,1.1,0.0,0.9,2.5,11.2
567,Glenn Robinson III\robingl02,SF,25,DET,47,18,610,4.4,10.4,.420,1.1,3.7,.290,3.3,6.7,.491,1.9,2.4,.800,1.0,3.2,4.2,1.2,0.8,0.5,1.1,2.7,11.7
568,Jerome Robinson\robinje01,SG,21,LAC,33,0,320,5.0,12.4,.400,2.0,6.4,.316,2.9,6.0,.491,0.7,1.0,.667,0.3,4.3,4.6,2.1,1.2,0.3,1.5,5.2,12.6
569,Mitchell Robinson\robinmi01,C,20,NYK,66,19,1360,5.3,7.7,.694,0.0,0.0,,5.3,7.7,.694,2.1,3.6,.600,4.7,6.5,11.2,1.0,1.4,4.3,0.9,5.7,12.8
570,Rajon Rondo\rondora01,PG,32,LAL,46,29,1369,4.6,11.4,.405,1.3,3.7,.359,3.3,7.6,.428,0.6,0.9,.639,0.9,5.5,6.4,9.7,1.5,0.2,3.3,2.6,11.1
571,Derrick Rose\rosede01,PG,30,MIN,51,13,1392,9.4,19.5,.482,1.4,3.8,.370,8.0,15.7,.509,3.5,4.1,.856,0.9,2.8,3.6,5.7,0.8,0.3,2.1,1.5,23.7
572,Terrence Ross\rosste01,SG,27,ORL,81,0,2150,7.4,17.2,.428,3.6,9.5,.383,3.7,7.7,.484,2.1,2.4,.875,0.5,4.2,4.7,2.3,1.2,0.5,1.5,2.0,20.5
573,Terry Rozier\roziete01,PG,24,BOS,79,14,1791,5.2,13.4,.387,2.4,6.8,.353,2.8,6.6,.422,1.5,1.9,.785,0.6,5.5,6.2,4.6,1.4,0.4,1.4,2.0,14.2
574,Ricky Rubio\rubiori01,PG,28,UTA,68,67,1899,5.6,13.8,.404,1.5,4.8,.311,4.1,9.0,.454,3.7,4.3,.855,0.6,4.0,4.6,7.9,1.7,0.2,3.4,3.4,16.4
575,D'Angelo Russell\russeda01,PG,22,BRK,81,81,2448,9.7,22.3,.434,3.4,9.3,.369,6.2,13.0,.482,2.4,3.0,.780,0.8,3.9,4.6,8.3,1.5,0.3,3.7,2.1,25.2
576,Domantas Sabonis\sabondo01,C,22,IND,74,5,1838,8.1,13.7,.590,0.2,0.3,.529,7.9,13.4,.592,4.1,5.7,.715,3.6,9.9,13.5,4.2,0.9,0.6,3.1,4.7,20.4
577,Brandon Sampson\sampsbr01,SG,21,CHI,14,2,214,4.7,10.1,.467,1.9,4.9,.379,2.9,5.2,.548,0.7,1.0,.667,0.5,2.2,2.7,1.7,1.3,0.5,2.0,3.2,11.9
578,JaKarr Sampson\sampsja02,SF,25,CHI,4,0,127,8.2,15.3,.537,1.4,4.0,.357,6.8,11.3,.600,4.8,6.0,.810,1.4,7.7,9.1,1.1,1.1,0.9,1.1,2.3,22.7
579,Dario Šarić\saricda01,PF,24,TOT,81,41,2023,5.4,12.4,.437,2.1,5.7,.365,3.3,6.6,.499,2.3,2.7,.880,2.2,5.9,8.1,2.3,0.8,0.2,1.7,3.2,15.3
580,Dario Šarić\saricda01,PF,24,PHI,13,13,396,4.4,12.0,.364,1.9,6.4,.300,2.5,5.6,.435,2.5,2.7,.900,1.9,5.9,7.8,2.4,0.4,0.3,2.3,3.5,13.1
581,Dario Šarić\saricda01,PF,24,MIN,68,28,1627,5.7,12.5,.454,2.1,5.6,.383,3.5,6.9,.511,2.3,2.7,.875,2.3,5.9,8.2,2.2,0.9,0.1,1.6,3.2,15.8
582,Tomáš Satoranský\satorto01,PG,27,WAS,80,54,2164,4.3,8.8,.485,1.1,2.7,.395,3.2,6.1,.524,2.2,2.7,.819,1.4,3.3,4.6,6.6,1.4,0.2,2.0,2.9,11.8
583,Dennis Schröder\schrode01,PG,25,OKC,79,14,2314,7.1,17.2,.414,1.9,5.7,.341,5.2,11.5,.450,2.9,3.5,.819,0.6,3.8,4.4,5.0,1.0,0.2,2.7,2.9,19.0
584,Mike Scott\scottmi01,PF,30,TOT,79,3,1395,4.3,10.8,.400,2.6,6.5,.401,1.7,4.3,.399,0.6,0.9,.667,1.1,6.0,7.1,1.7,0.7,0.3,1.1,4.0,11.8
585,Mike Scott\scottmi01,PF,30,LAC,52,0,748,4.4,11.1,.400,2.5,6.4,.391,1.9,4.7,.412,0.6,0.9,.667,1.2,7.2,8.4,2.1,0.8,0.4,1.3,4.2,11.9
586,Mike Scott\scottmi01,PF,30,PHI,27,3,647,4.2,10.6,.400,2.7,6.6,.412,1.5,4.0,.380,0.6,0.8,.667,1.1,4.6,5.7,1.2,0.5,0.3,0.9,3.8,11.7
587,Thabo Sefolosha\sefolth01,SF,34,UTA,50,2,609,4.2,8.8,.477,2.0,4.6,.436,2.2,4.2,.521,0.8,1.3,.636,0.5,6.8,7.3,1.6,2.5,0.3,1.5,2.4,11.2
588,Wayne Selden\seldewa01,SG,24,TOT,75,13,1439,4.9,12.1,.406,1.4,4.4,.316,3.5,7.7,.456,1.7,2.3,.728,0.9,3.6,4.5,2.7,0.8,0.3,2.0,3.3,12.9
589,Wayne Selden\seldewa01,SG,24,MEM,32,0,455,5.1,12.7,.404,1.6,5.0,.317,3.6,7.8,.459,1.7,2.3,.759,1.3,2.2,3.5,2.8,0.8,0.5,1.8,3.8,13.6
590,Wayne Selden\seldewa01,SG,24,CHI,43,13,984,4.8,11.8,.407,1.3,4.1,.315,3.5,7.7,.455,1.6,2.3,.714,0.8,4.2,5.0,2.7,0.8,0.3,2.0,3.0,12.5
591,Collin Sexton\sextoco01,PG,20,CLE,82,72,2605,7.2,16.7,.430,1.6,4.1,.402,5.5,12.6,.440,3.0,3.5,.839,0.8,2.5,3.3,3.4,0.6,0.1,2.6,2.6,18.9
592,Landry Shamet\shamela01,SG,21,TOT,79,27,1802,4.8,11.1,.431,3.3,7.9,.422,1.5,3.2,.453,1.5,1.9,.806,0.4,2.3,2.7,2.3,0.7,0.2,0.9,3.1,14.4
593,Landry Shamet\shamela01,SG,21,PHI,54,4,1108,5.0,11.3,.441,3.2,8.0,.404,1.8,3.3,.529,1.4,1.8,.815,0.5,2.1,2.5,1.9,0.8,0.3,0.8,3.4,14.6
594,Landry Shamet\shamela01,SG,21,LAC,25,23,694,4.5,10.9,.414,3.5,7.8,.450,1.0,3.1,.322,1.6,2.0,.795,0.4,2.5,2.9,3.0,0.7,0.1,1.0,2.5,14.2
595,Iman Shumpert\shumpim01,SG,28,TOT,62,41,1481,4.1,10.8,.374,2.3,6.6,.348,1.8,4.2,.416,0.9,1.1,.800,0.7,3.8,4.4,2.7,1.4,0.6,1.2,3.1,11.3
596,Iman Shumpert\shumpim01,SG,28,SAC,42,40,1099,4.4,11.4,.382,2.4,6.6,.366,1.9,4.8,.404,1.1,1.3,.829,0.6,3.6,4.2,3.0,1.5,0.7,1.2,3.0,12.3
597,Iman Shumpert\shumpim01,SG,28,HOU,20,1,382,3.2,9.2,.347,2.0,6.7,.296,1.2,2.5,.481,0.2,0.4,.500,0.8,4.3,5.1,2.0,1.1,0.4,1.1,3.3,8.6
598,Pascal Siakam\siakapa01,PF,24,TOR,80,79,2548,7.3,13.4,.549,1.1,3.0,.369,6.2,10.3,.602,3.3,4.3,.785,1.8,6.0,7.8,3.5,1.0,0.7,2.2,3.4,19.1
599,Jordan Sibert\siberjo01,SG,26,ATL,1,0,4,9.0,9.0,1.000,9.0,9.0,1.000,0.0,0.0,,0.0,0.0,,0.0,0.0,0.0,0.0,0.0,0.0,0.0,0.0,27.0
600,Ben Simmons\simmobe01,PG,22,PHI,79,79,2700,7.2,12.8,.563,0.0,0.1,.000,7.2,12.7,.566,3.4,5.7,.600,2.3,7.0,9.3,8.1,1.5,0.8,3.7,2.8,17.8
601,Jonathon Simmons\simmojo02,SG-SF,29,TOT,56,9,1064,4.5,11.8,.380,0.9,3.5,.269,3.6,8.3,.427,2.4,3.3,.742,0.9,3.3,4.3,4.3,1.0,0.5,2.3,3.0,12.4
602,Jonathon Simmons\simmojo02,SG,29,ORL,41,9,845,4.4,12.2,.364,0.8,3.5,.229,3.6,8.6,.419,2.4,3.1,.778,1.0,3.3,4.3,4.0,0.8,0.6,2.4,2.9,12.1
603,Jonathon Simmons\simmojo02,SF,29,PHI,15,0,219,4.8,10.5,.453,1.5,3.5,.429,3.3,7.1,.465,2.6,4.1,.640,0.7,3.6,4.3,5.4,1.8,0.2,2.0,3.5,13.6
604,Kobi Simmons\simmoko01,PG,21,CLE,1,0,2,0.0,0.0,,0.0,0.0,,0.0,0.0,,0.0,0.0,,0.0,0.0,0.0,0.0,0.0,0.0,0.0,0.0,0.0
605,Anfernee Simons\simonan01,SG,19,POR,20,1,141,7.1,16.1,.444,2.6,7.4,.345,4.6,8.7,.529,2.3,4.1,.563,0.8,2.6,3.3,3.3,0.3,0.0,2.8,2.3,19.1
606,Marcus Smart\smartma01,SG,24,BOS,80,60,2200,3.9,9.3,.422,2.1,5.7,.364,1.8,3.6,.511,1.7,2.1,.806,0.9,2.9,3.8,5.3,2.3,0.5,2.0,3.3,11.6
607,Dennis Smith Jr.\smithde03,PG,21,TOT,53,50,1508,6.6,15.5,.428,1.6,5.0,.322,5.0,10.6,.477,2.4,3.7,.635,0.8,2.9,3.7,6.0,1.6,0.5,3.7,3.1,17.2
608,Dennis Smith Jr.\smithde03,PG,21,DAL,32,32,908,6.2,14.2,.440,1.7,5.0,.344,4.5,9.2,.491,2.3,3.3,.695,0.7,3.1,3.8,5.5,1.6,0.4,4.0,3.3,16.4
609,Dennis Smith Jr.\smithde03,PG,21,NYK,21,18,600,7.3,17.6,.413,1.4,5.0,.289,5.8,12.6,.462,2.5,4.4,.568,0.8,2.6,3.5,6.8,1.6,0.5,3.2,2.8,18.5
610,Ish Smith\smithis01,PG,30,DET,56,0,1251,5.9,14.1,.419,1.3,3.9,.326,4.6,10.2,.455,1.4,1.8,.758,0.7,3.5,4.2,5.8,0.8,0.3,1.8,3.1,14.4
611,J.R. Smith\smithjr01,SG,33,CLE,11,4,222,4.4,12.8,.342,1.9,6.3,.308,2.4,6.5,.375,1.3,1.6,.800,0.0,2.9,2.9,3.4,1.8,0.5,1.8,3.1,12.0
612,Jason Smith\smithja02,PF-C,32,TOT,20,1,190,4.0,11.2,.356,1.7,4.9,.346,2.3,6.3,.364,2.7,3.0,.875,3.0,6.8,9.9,2.7,0.6,1.3,2.5,5.7,12.3
613,Jason Smith\smithja02,C,32,WAS,12,1,130,4.2,10.2,.405,1.1,2.8,.400,3.0,7.5,.407,2.8,3.3,.833,3.0,7.2,10.2,3.3,0.3,1.4,1.9,5.8,12.2
614,Jason Smith\smithja02,PF,32,MIL,6,0,40,3.6,11.7,.308,2.7,8.1,.333,0.9,3.6,.250,1.8,1.8,1.000,2.7,7.2,9.9,0.9,1.8,1.8,4.5,5.4,11.7
615,Jason Smith\smithja02,C,32,NOP,2,0,20,3.6,16.2,.222,3.6,12.6,.286,0.0,3.6,.000,3.6,3.6,1.000,3.6,3.6,7.2,1.8,0.0,0.0,1.8,5.4,14.4
616,Zhaire Smith\smithzh01,SG,19,PHI,6,2,111,4.5,11.0,.412,1.9,5.2,.375,2.6,5.8,.444,1.9,2.6,.750,1.0,3.2,4.2,3.2,0.6,0.6,1.9,2.6,13.0
617,Tony Snell\snellto01,SF,27,MIL,74,12,1304,4.5,10.0,.452,2.2,5.6,.397,2.3,4.3,.522,1.0,1.2,.881,0.8,3.5,4.3,1.9,0.7,0.5,0.6,2.5,12.3
618,Ray Spalding\spaldra01,PF,21,TOT,14,3,148,6.1,11.4,.532,0.0,0.7,.000,6.1,10.7,.568,1.0,2.9,.333,3.6,8.0,11.7,1.2,2.2,1.9,2.2,5.6,13.1
619,Ray Spalding\spaldra01,PF,21,DAL,1,0,1,0.0,0.0,,0.0,0.0,,0.0,0.0,,0.0,0.0,,0.0,0.0,0.0,0.0,0.0,0.0,0.0,0.0,0.0
620,Ray Spalding\spaldra01,PF,21,PHO,13,3,147,6.1,11.5,.532,0.0,0.7,.000,6.1,10.8,.568,1.0,2.9,.333,3.7,8.1,11.8,1.2,2.2,2.0,2.2,5.6,13.2
621,Omari Spellman\spellom01,PF,21,ATL,46,11,805,4.4,10.9,.402,2.0,5.7,.344,2.4,5.2,.466,1.4,2.0,.711,3.2,5.5,8.7,2.1,1.2,1.1,1.4,3.0,12.2
622,Nik Stauskas\stausni01,SG,25,TOT,68,0,1015,4.8,12.0,.402,2.5,6.7,.372,2.3,5.3,.440,2.0,2.3,.891,0.6,3.9,4.5,2.9,0.7,0.2,1.8,1.8,14.2
623,Nik Stauskas\stausni01,SG,25,POR,44,0,673,5.1,12.2,.419,2.3,6.7,.344,2.8,5.6,.510,1.7,1.9,.889,0.5,3.7,4.3,3.3,0.7,0.2,2.1,1.7,14.3
624,Nik Stauskas\stausni01,SG,25,CLE,24,0,342,4.2,11.5,.367,2.8,6.6,.429,1.4,4.8,.283,2.6,2.9,.893,0.8,4.1,4.9,2.0,0.7,0.3,1.2,2.0,13.9
625,D.J. Stephens\stephdj01,SG,28,MEM,1,0,7,5.1,10.3,.500,0.0,0.0,,5.1,10.3,.500,0.0,0.0,,0.0,0.0,0.0,0.0,5.1,0.0,5.1,0.0,10.3
626,Lance Stephenson\stephla01,SG,28,LAL,68,3,1123,5.9,13.8,.426,2.3,6.3,.371,3.6,7.5,.472,1.6,2.3,.685,1.0,5.9,6.9,4.5,1.3,0.2,2.8,3.6,15.7
627,Edmond Sumner\sumneed01,PG,23,IND,23,2,210,3.8,11.0,.344,1.2,4.6,.259,2.6,6.3,.405,2.6,4.1,.625,1.5,2.6,4.1,1.7,2.1,0.9,1.7,4.5,11.3
628,Caleb Swanigan\swanica01,PF,21,TOT,21,0,178,3.6,10.7,.340,0.2,1.4,.143,3.4,9.3,.370,1.2,1.8,.667,3.4,9.5,12.9,2.2,1.2,0.2,3.6,5.7,8.7
629,Caleb Swanigan\swanica01,PF,21,POR,18,0,145,3.5,10.9,.318,0.2,1.2,.200,3.2,9.7,.333,1.5,1.7,.857,3.2,9.7,12.9,1.7,1.0,0.0,4.0,5.5,8.7
630,Caleb Swanigan\swanica01,PF,21,SAC,3,0,33,4.4,9.8,.444,0.0,2.2,.000,4.4,7.6,.571,0.0,2.2,.000,4.4,8.7,13.1,4.4,2.2,1.1,2.2,6.5,8.7
631,Jayson Tatum\tatumja01,SF,20,BOS,79,79,2455,6.8,15.2,.450,1.7,4.6,.373,5.1,10.6,.483,2.9,3.3,.855,1.0,6.0,7.0,2.5,1.2,0.8,1.8,2.5,18.2
632,Jeff Teague\teaguje01,PG,30,MIN,42,41,1264,5.0,11.8,.423,1.0,3.0,.333,4.0,8.9,.453,3.5,4.4,.804,0.5,2.6,3.0,9.8,1.2,0.5,2.8,2.6,14.5
633,Garrett Temple\templga01,SG,32,TOT,75,55,2040,3.7,8.7,.422,1.6,4.7,.341,2.1,4.0,.515,1.4,1.9,.748,0.5,3.3,3.8,1.9,1.3,0.5,1.2,3.6,10.3
634,Garrett Temple\templga01,SG,32,MEM,49,49,1530,3.9,9.1,.429,1.7,4.9,.352,2.2,4.2,.520,1.3,1.8,.750,0.4,3.2,3.6,1.6,1.2,0.6,1.3,3.2,10.9
635,Garrett Temple\templga01,SG,32,LAC,26,6,510,3.0,7.5,.396,1.1,3.8,.296,1.8,3.7,.500,1.6,2.2,.742,0.7,3.8,4.5,2.6,1.8,0.4,1.1,4.9,8.7
636,Miloš Teodosić\teodomi01,PG,31,LAC,15,0,150,4.1,9.6,.425,2.4,6.5,.370,1.7,3.1,.538,1.0,1.7,.571,0.7,3.1,3.8,7.7,0.7,0.2,5.0,6.5,11.5
637,Jared Terrell\terreja01,SG,23,MIN,14,0,111,3.9,12.6,.308,1.3,5.5,.235,2.6,7.1,.364,1.0,1.9,.500,0.3,1.6,1.9,3.9,1.0,0.6,3.2,5.2,10.1
638,Emanuel Terry\terryem01,PF,22,TOT,3,0,23,6.3,11.0,.571,0.0,0.0,,6.3,11.0,.571,3.1,6.3,.500,4.7,6.3,11.0,3.1,4.7,0.0,3.1,6.3,15.7
639,Emanuel Terry\terryem01,PF,22,PHO,2,0,20,7.2,10.8,.667,0.0,0.0,,7.2,10.8,.667,1.8,3.6,.500,3.6,7.2,10.8,1.8,5.4,0.0,3.6,7.2,16.2
640,Emanuel Terry\terryem01,PF,22,MIA,1,0,3,0.0,12.0,.000,0.0,0.0,,0.0,12.0,.000,12.0,24.0,.500,12.0,0.0,12.0,12.0,0.0,0.0,0.0,0.0,12.0
641,Daniel Theis\theisda01,C,26,BOS,66,2,908,5.8,10.5,.549,1.0,2.7,.388,4.8,7.9,.603,2.2,3.0,.737,3.4,5.5,8.9,2.7,0.8,1.7,1.3,6.4,14.8
642,Isaiah Thomas\thomais02,SG,29,DEN,12,0,181,6.8,19.7,.343,2.4,8.6,.279,4.4,11.1,.393,3.4,5.4,.630,1.0,1.6,2.6,4.6,1.0,0.2,3.6,3.4,19.3
643,Khyri Thomas\thomakh01,SG,22,DET,26,0,195,4.1,12.7,.319,1.8,6.5,.286,2.2,6.3,.353,1.3,2.0,.636,0.7,3.0,3.7,1.5,1.3,0.9,0.7,4.1,11.3
644,Lance Thomas\thomala01,PF,30,NYK,46,17,783,3.6,9.1,.396,1.0,3.6,.278,2.6,5.4,.475,1.2,1.7,.750,1.0,4.4,5.4,1.2,0.8,0.3,1.1,3.8,9.4
645,Klay Thompson\thompkl01,SG,28,GSW,78,78,2652,8.9,19.0,.467,3.3,8.1,.402,5.6,10.9,.516,1.8,2.1,.816,0.5,3.6,4.1,2.5,1.1,0.6,1.6,2.1,22.8
646,Tristan Thompson\thomptr01,C,27,CLE,43,40,1198,6.0,11.4,.529,0.0,0.0,,6.0,11.4,.529,2.0,3.2,.642,5.2,8.0,13.2,2.6,0.8,0.5,1.8,2.7,14.1
647,Sindarius Thornwell\thornsi01,SG,24,LAC,64,1,313,2.0,5.6,.347,0.3,1.7,.200,1.6,3.9,.412,2.9,3.9,.735,0.6,4.5,5.1,2.1,1.6,0.8,2.3,4.7,7.1
648,Anthony Tolliver\tollian01,PF,33,MIN,65,0,1079,3.3,8.6,.382,2.7,7.2,.377,0.6,1.5,.409,1.6,2.0,.783,0.5,5.4,5.9,1.5,0.6,0.7,1.2,3.0,10.9
649,Karl-Anthony Towns\townska01,C,23,MIN,77,77,2545,9.6,18.6,.518,2.0,5.0,.400,7.6,13.6,.562,5.3,6.4,.836,3.7,9.8,13.5,3.7,0.9,1.8,3.4,4.1,26.6
650,Gary Trent Jr.\trentga02,SG,20,POR,15,1,111,5.2,16.2,.320,1.6,6.8,.238,3.6,9.4,.379,1.0,2.3,.429,0.3,3.2,3.6,1.6,0.3,0.6,1.3,1.3,13.0
651,Allonzo Trier\trieral01,SG,23,NYK,64,3,1459,5.7,12.8,.448,1.3,3.3,.394,4.4,9.5,.466,4.4,5.5,.803,0.8,4.1,4.9,2.9,0.7,0.3,2.9,2.9,17.1
652,P.J. Tucker\tuckepj01,PF,33,HOU,82,82,2802,2.7,6.7,.396,1.9,5.0,.377,0.8,1.7,.449,0.5,0.8,.695,1.6,4.6,6.2,1.2,1.7,0.5,0.8,3.2,7.7
653,Evan Turner\turneev01,PG,30,POR,73,2,1605,4.6,9.9,.460,0.2,1.2,.212,4.3,8.8,.494,1.7,2.4,.708,0.8,6.5,7.4,6.3,0.7,0.4,2.6,2.5,11.1
654,Myles Turner\turnemy01,C,22,IND,74,74,2119,6.5,13.3,.487,1.3,3.3,.388,5.2,9.9,.521,2.5,3.4,.736,1.7,7.3,9.0,2.0,1.0,3.4,1.7,3.3,16.7
655,Ekpe Udoh\udohek01,C,31,UTA,51,1,320,5.6,8.1,.694,0.0,0.0,,5.6,8.1,.694,2.1,3.4,.633,3.0,7.1,10.1,3.2,1.1,3.5,1.5,4.1,13.4
656,Tyler Ulis\ulisty01,PG,23,CHI,1,0,1,0.0,0.0,,0.0,0.0,,0.0,0.0,,0.0,0.0,,0.0,0.0,0.0,0.0,0.0,0.0,0.0,0.0,0.0
657,Jonas Valančiūnas\valanjo01,C,26,TOT,49,27,1091,9.9,17.8,.559,0.5,1.6,.292,9.5,16.2,.586,4.9,6.1,.795,3.5,10.3,13.8,2.3,0.6,1.7,3.0,4.8,25.2
658,Jonas Valančiūnas\valanjo01,C,26,TOR,30,10,564,9.5,16.5,.575,0.6,1.9,.300,8.9,14.6,.611,4.9,6.0,.819,3.4,10.3,13.8,1.9,0.8,1.5,2.5,5.2,24.5
659,Jonas Valančiūnas\valanjo01,C,26,MEM,19,17,527,10.4,19.1,.545,0.3,1.2,.278,10.0,17.8,.563,4.8,6.2,.769,3.6,10.3,13.9,2.8,0.4,2.0,3.5,4.4,25.9
660,Jarred Vanderbilt\vandeja01,PF,19,DEN,17,0,69,4.7,9.9,.474,0.0,0.5,.000,4.7,9.4,.500,3.1,5.2,.600,3.7,8.3,12.0,1.6,3.1,0.5,4.2,4.2,12.5
661,Fred VanVleet\vanvlfr01,PG,24,TOR,64,28,1760,5.0,12.3,.410,2.3,6.1,.378,2.7,6.2,.441,2.0,2.4,.843,0.4,3.0,3.4,6.3,1.2,0.4,1.7,2.3,14.3
662,Noah Vonleh\vonleno01,PF,23,NYK,68,57,1722,4.3,9.2,.470,1.0,2.9,.336,3.4,6.3,.531,2.3,3.3,.712,2.4,8.7,11.0,2.7,1.0,1.1,1.8,3.6,11.9
663,Nikola Vučević\vucevni01,C,28,ORL,80,80,2510,10.1,19.4,.518,1.2,3.3,.364,8.8,16.1,.549,2.6,3.3,.789,3.2,10.6,13.8,4.4,1.2,1.3,2.3,2.3,23.9
664,Dwyane Wade\wadedw01,SG,37,MIA,72,2,1885,7.9,18.3,.433,1.6,5.0,.330,6.3,13.3,.472,3.2,4.4,.708,1.3,4.1,5.4,5.7,1.1,0.7,3.2,2.3,20.7
665,Moritz Wagner\wagnemo01,C,21,LAL,43,5,446,5.7,13.8,.415,1.8,6.2,.286,4.0,7.6,.521,3.5,4.3,.811,1.4,5.5,6.9,1.9,0.9,1.0,3.1,4.6,16.7
666,Dion Waiters\waitedi01,SG,27,MIA,44,28,1138,6.3,15.1,.414,3.4,9.1,.377,2.8,6.0,.471,0.7,1.4,.500,0.2,3.4,3.7,3.8,0.9,0.3,2.0,2.3,16.7
667,Kemba Walker\walkeke02,PG,28,CHO,82,82,2863,9.2,21.2,.434,3.3,9.2,.356,5.9,12.0,.494,4.8,5.7,.844,0.7,3.9,4.5,6.1,1.3,0.4,2.7,1.6,26.4
668,Lonnie Walker\walkelo01,SG,20,SAS,17,0,118,4.9,14.0,.348,1.5,4.0,.385,3.4,10.1,.333,2.4,3.1,.800,0.0,5.2,5.2,2.7,2.1,0.9,1.2,2.1,13.7
669,John Wall\walljo01,PG,28,WAS,32,32,1104,8.0,18.0,.444,1.7,5.5,.302,6.3,12.5,.507,4.0,5.7,.697,0.5,3.3,3.8,9.1,1.6,0.9,3.9,2.3,21.6
670,Tyrone Wallace\wallaty01,PG,24,LAC,62,0,628,5.3,12.4,.424,0.2,1.1,.211,5.0,11.4,.444,1.7,3.3,.526,1.1,4.6,5.8,2.4,1.2,0.4,2.1,4.8,12.5
671,Brad Wanamaker\wanambr01,PG,29,BOS,36,0,343,5.2,11.0,.476,1.7,4.1,.410,3.6,6.9,.515,2.5,2.9,.857,0.3,4.0,4.3,5.9,1.3,0.2,2.0,3.6,14.7
672,T.J. Warren\warretj01,SF,25,PHO,43,36,1360,7.9,16.2,.486,2.0,4.8,.428,5.8,11.4,.510,2.7,3.3,.815,0.8,3.8,4.6,1.7,1.4,0.8,1.4,3.2,20.4
673,Julian Washburn\washbju01,SF,27,MEM,18,3,254,2.3,6.8,.333,0.7,3.4,.208,1.6,3.4,.458,0.4,0.6,.750,1.1,4.7,5.8,2.0,1.8,0.3,1.0,2.3,5.7
674,Yuta Watanabe\watanyu01,SF,24,MEM,15,0,174,3.1,10.6,.294,0.4,3.3,.125,2.7,7.2,.371,1.4,2.1,.700,0.8,5.6,6.4,1.7,0.8,0.2,1.2,2.3,8.1
675,Thomas Welsh\welshth01,C,22,DEN,11,0,36,7.0,13.0,.538,3.0,7.0,.429,4.0,6.0,.667,1.0,2.0,.500,0.0,4.0,4.0,5.0,0.0,0.0,1.0,3.0,18.0
676,Russell Westbrook\westbru01,PG,30,OKC,73,73,2630,8.6,20.2,.428,1.6,5.6,.290,7.0,14.5,.481,4.1,6.2,.656,1.5,9.6,11.0,10.7,1.9,0.5,4.4,3.4,22.9
677,Derrick White\whitede01,PG,24,SAS,67,55,1728,5.4,11.3,.479,1.0,3.0,.338,4.4,8.4,.529,2.0,2.6,.772,0.7,4.4,5.1,5.5,1.4,1.0,2.0,3.0,13.8
678,Okaro White\whiteok01,PF,26,WAS,3,0,6,0.0,12.0,.000,0.0,12.0,.000,0.0,0.0,,0.0,0.0,,6.0,6.0,12.0,0.0,0.0,0.0,0.0,0.0,0.0
679,Hassan Whiteside\whiteha01,C,29,MIA,72,53,1674,8.3,14.6,.571,0.0,0.3,.125,8.3,14.3,.581,2.3,5.2,.449,5.5,12.0,17.6,1.2,1.0,2.9,2.1,4.1,19.1
680,Andrew Wiggins\wiggian01,SF,23,MIN,73,73,2543,7.0,17.1,.412,1.7,4.9,.339,5.4,12.2,.441,2.9,4.2,.699,1.2,3.8,5.0,2.6,1.0,0.7,2.0,2.2,18.7
681,Alan Williams\willial03,PF,26,BRK,5,0,26,11.1,18.0,.615,0.0,1.4,.000,11.1,16.6,.667,2.8,5.5,.500,5.5,20.8,26.3,4.2,1.4,0.0,1.4,2.8,24.9
682,C.J. Williams\willicj01,SG,28,MIN,15,0,128,4.8,9.8,.486,1.4,4.5,.313,3.4,5.3,.632,0.0,0.3,.000,0.3,2.0,2.3,3.4,1.7,0.0,1.4,4.5,11.0
683,Johnathan Williams\willijo04,C,23,LAL,24,0,372,6.3,10.6,.591,0.0,0.2,.000,6.3,10.5,.602,2.6,4.6,.563,4.6,4.9,9.6,1.3,0.8,0.7,1.5,6.0,15.2
684,Kenrich Williams\willike04,SF,24,NOP,46,29,1079,3.6,9.3,.384,1.7,5.2,.333,1.8,4.1,.447,0.4,0.6,.684,1.8,5.5,7.3,2.8,1.5,0.6,1.2,3.2,9.3
685,Lou Williams\willilo02,SG,32,LAC,75,1,1993,8.7,20.6,.425,1.9,5.3,.361,6.8,15.3,.447,7.7,8.8,.876,0.7,3.3,4.0,7.3,1.0,0.2,3.3,1.4,27.1
686,Marvin Williams\willima02,PF,32,CHO,75,75,2133,4.6,11.0,.422,2.4,6.4,.366,2.3,4.6,.500,1.1,1.5,.767,1.3,5.6,6.9,1.6,1.2,1.0,0.8,2.6,12.8
687,Robert Williams\williro04,C,21,BOS,32,2,283,4.6,6.5,.706,0.0,0.0,,4.6,6.5,.706,1.1,1.9,.600,3.4,6.9,10.3,0.9,1.1,5.1,1.3,4.6,10.3
688,Troy Williams\willitr02,SF,24,SAC,21,0,312,5.1,11.3,.449,1.6,5.1,.318,3.5,6.2,.556,1.0,1.7,.600,1.4,5.4,6.8,1.3,1.2,0.9,1.0,4.3,12.8
689,D.J. Wilson\wilsodj01,PF,22,MIL,48,3,882,4.2,10.2,.414,1.9,5.2,.362,2.4,5.1,.468,1.1,1.9,.553,1.8,7.2,9.1,2.1,0.7,0.8,1.3,3.5,11.4
690,Justise Winslow\winslju01,SF,22,MIA,66,52,1959,6.0,13.8,.433,1.8,4.7,.375,4.2,9.1,.462,1.6,2.5,.628,1.2,5.4,6.5,5.2,1.3,0.3,2.6,3.3,15.3
691,Christian Wood\woodch01,PF,23,TOT,21,2,251,8.7,16.8,.521,1.3,3.7,.346,7.5,13.1,.571,5.9,8.0,.732,2.4,9.5,11.9,1.1,1.0,1.4,2.4,2.4,24.7
692,Christian Wood\woodch01,PF,23,MIL,13,0,62,7.0,14.5,.480,1.7,2.9,.600,5.2,11.6,.450,5.8,8.7,.667,2.3,9.3,11.6,1.2,0.0,0.0,1.7,1.7,21.5
693,Christian Wood\woodch01,PF,23,NOP,8,2,189,9.3,17.5,.533,1.1,4.0,.286,8.2,13.5,.606,5.9,7.8,.756,2.5,9.5,12.0,1.1,1.3,1.9,2.7,2.7,25.7
694,Delon Wright\wrighde01,PG,26,TOT,75,13,1699,5.1,11.8,.434,1.1,3.6,.298,4.1,8.3,.492,2.5,3.2,.793,1.4,4.2,5.6,5.3,1.9,0.6,1.6,2.2,13.8
695,Delon Wright\wrighde01,PG,26,TOR,49,2,897,5.1,11.8,.433,1.2,3.6,.333,3.9,8.1,.478,2.1,2.4,.869,1.6,3.5,5.0,4.4,1.8,0.6,1.5,2.1,13.5
696,Delon Wright\wrighde01,PG,26,MEM,26,11,802,5.2,11.9,.434,0.9,3.5,.256,4.3,8.4,.508,3.0,4.0,.742,1.3,5.0,6.3,6.2,1.9,0.7,1.8,2.2,14.2
697,Guerschon Yabusele\yabusgu01,PF,23,BOS,41,1,251,5.0,11.0,.455,1.3,4.0,.321,3.7,7.0,.531,2.2,3.2,.682,3.3,4.3,7.6,2.2,1.1,1.0,2.2,4.6,13.5
698,Nick Young\youngni01,SG,33,DEN,4,0,37,2.9,8.8,.333,2.9,7.8,.375,0.0,1.0,.000,0.0,0.0,,0.0,1.0,1.0,1.9,0.0,1.0,1.9,3.9,8.8
699,Thaddeus Young\youngth01,PF,30,IND,81,81,2489,6.4,12.2,.527,0.7,2.1,.349,5.7,10.1,.564,1.3,2.0,.644,2.8,4.8,7.6,3.0,1.8,0.5,1.8,2.8,14.8
700,Trae Young\youngtr01,PG,20,ATL,81,81,2503,7.6,18.1,.418,2.2,6.9,.324,5.3,11.1,.477,4.9,6.0,.829,0.9,3.4,4.3,9.4,1.0,0.2,4.4,2.0,22.3
701,Cody Zeller\zelleco01,C,26,CHO,49,47,1243,5.5,10.0,.551,0.2,0.6,.273,5.3,9.4,.570,3.2,4.1,.787,3.2,6.5,9.6,3.0,1.1,1.2,1.8,4.7,14.4
702,Tyler Zeller\zellety01,C,29,TOT,6,1,93,6.2,11.6,.533,0.0,0.4,.000,6.2,11.2,.552,5.4,7.0,.778,4.3,5.0,9.3,1.5,0.4,1.2,1.5,7.7,17.8
703,Tyler Zeller\zellety01,C,29,ATL,2,0,11,0.0,6.5,.000,0.0,3.3,.000,0.0,3.3,.000,0.0,0.0,,6.5,13.1,19.6,3.3,0.0,0.0,0.0,13.1,0.0
704,Tyler Zeller\zellety01,C,29,MEM,4,1,82,7.0,12.3,.571,0.0,0.0,,7.0,12.3,.571,6.1,7.9,.778,4.0,4.0,7.9,1.3,0.4,1.3,1.8,7.0,20.2
705,Ante Žižić\zizican01,C,22,CLE,59,25,1082,6.1,11.0,.553,0.0,0.0,,6.1,11.0,.553,3.1,4.4,.705,3.6,7.1,10.6,1.8,0.4,0.7,2.0,3.8,15.3
706,Ivica Zubac\zubaciv01,C,21,TOT,59,37,1040,7.3,13.1,.559,0.0,0.0,,7.3,13.1,.559,3.5,4.4,.802,4.0,8.6,12.5,2.2,0.5,1.8,2.4,4.7,18.2
707,Ivica Zubac\zubaciv01,C,21,LAL,33,12,516,7.8,13.5,.580,0.0,0.0,,7.8,13.5,.580,4.0,4.6,.864,3.8,7.5,11.3,1.7,0.3,1.9,2.3,5.1,19.6
708,Ivica Zubac\zubaciv01,C,21,LAC,26,25,524,6.9,12.8,.538,0.0,0.0,,6.9,12.8,.538,3.0,4.1,.733,4.2,9.5,13.7,2.6,0.7,1.6,2.5,4.4,16.8